10006032 5195 182 0.824 0.059 0.065 23.123 0.064  7004.98 15.477 6.5E-03 55324.14 0.08 2.6E+34 - 
10006032 5195 182 0.824 0.059 0.065 23.123 0.064  7004.98 15.477 6.5E-03 55939.32 0.15 9.5E+33 - 
10006032 5195 182 0.824 0.059 0.065 23.123 0.064  7004.98 15.477 6.5E-03 56208.31 0.10 2.8E+34 - 
10007720 5834 204 0.967 0.070 0.077 14.343 0.039 15216.68 15.221 1.8E-02 56394.15 0.06 2.4E+34 - 
10011070 5669 198 0.770 0.053 0.059 23.970 0.623  4423.92 14.949 3.4E-03 55105.16 0.10 1.0E+34 - 
10011070 5669 198 0.770 0.053 0.059 23.970 0.623  4423.92 14.949 3.4E-03 55248.64 0.10 1.6E+34 - 
10019381 5150 180 0.707 0.054 0.059 12.316 0.012 16224.92 15.788 1.1E-02 56394.06 0.06 1.2E+34 - 
10064358 5775 202 1.292 0.087 0.096 16.533 0.265  2071.86 12.420 4.4E-03 55468.39 0.08 5.5E+33 - 
10064358 5775 202 1.292 0.087 0.096 16.533 0.265  2071.86 12.420 4.4E-03 55668.73 0.15 1.1E+34 - 
10064358 5775 202 1.292 0.087 0.096 16.533 0.265  2071.86 12.420 4.4E-03 55910.28 0.08 6.7E+33 - 
10064358 5775 202 1.292 0.087 0.096 16.533 0.265  2071.86 12.420 4.4E-03 55707.97 0.27 6.8E+33 - 
10067449 5800 203 1.033 0.079 0.087  5.907 0.434 19536.47 15.656 2.7E-02 55644.46 0.06 2.6E+34 - 
10187494 5198 182 0.772 0.052 0.058 10.262 0.021 16530.81 14.286 1.3E-02 55116.62 0.10 1.8E+34 - 
10187494 5198 182 0.772 0.052 0.058 10.262 0.021 16530.81 14.286 1.3E-02 55767.25 0.15 2.2E+34 - 
10187494 5198 182 0.772 0.052 0.058 10.262 0.021 16530.81 14.286 1.3E-02 56200.34 0.10 8.0E+33 - 
10222884 5235 183 1.032 0.079 0.087 27.248 3.706  6180.82 15.801 9.0E-03 55781.59 0.08 2.2E+34 - 
10222884 5235 183 1.032 0.079 0.087 27.248 3.706  6180.82 15.801 9.0E-03 56113.07 0.17 1.3E+34 - 
10273897 5220 183 0.767 0.056 0.062 19.707 0.224  3280.46 15.421 2.6E-03 55743.83 0.10 9.0E+33 - 
10275962 5782 202 0.789 0.058 0.064 26.117 1.426  2323.69 15.269 1.9E-03 55046.23 0.06 1.9E+34 1 
10275962 5782 202 0.789 0.058 0.064 26.117 1.426  2323.69 15.269 1.9E-03 55432.87 0.06 1.0E+34 1 
10279828 5183 181 1.005 0.070 0.077  8.202 0.006 43786.79 14.989 6.1E-02 56027.79 0.10 9.7E+33 - 
10279828 5183 181 1.005 0.070 0.077  8.202 0.006 43786.79 14.989 6.1E-02 56217.30 0.06 1.0E+34 - 
10284814 5197 182 0.812 0.056 0.062 11.241 0.015 10475.96 15.202 9.5E-03 55046.55 0.06 7.2E+33 - 
10287183 5987 210 1.490 0.116 0.129  5.815 0.049 14727.35 15.233 4.1E-02 56197.82 0.06 3.3E+34 - 
10351715 5749 201 1.015 0.068 0.075  5.788 0.005 21822.21 12.865 2.9E-02 55825.79 0.08 6.0E+33 - 
10387363 5495 192 0.872 0.059 0.065 26.513 1.320  3562.03 14.163 3.6E-03 55175.55 0.15 1.2E+34 - 
10387363 5495 192 0.872 0.059 0.065 26.513 1.320  3562.03 14.163 3.6E-03 55450.69 0.15 2.0E+34 - 
10387363 5495 192 0.872 0.059 0.065 26.513 1.320  3562.03 14.163 3.6E-03 55779.24 0.08 7.0E+33 - 
10387363 5495 192 0.872 0.059 0.065 26.513 1.320  3562.03 14.163 3.6E-03 56099.52 0.23 3.6E+34 - 
10489544 5158 181 0.731 0.055 0.060 17.577 0.055 14831.19 15.790 1.1E-02 55607.68 0.06 8.6E+33 - 
10489814 5641 197 1.011 0.071 0.078  3.198 0.005 44352.89 14.690 5.9E-02 54984.35 0.10 3.2E+34 - 
10489814 5641 197 1.011 0.071 0.078  3.198 0.005 44352.89 14.690 5.9E-02 55017.56 0.15 6.9E+34 - 
10489814 5641 197 1.011 0.071 0.078  3.198 0.005 44352.89 14.690 5.9E-02 55027.94 0.06 3.7E+34 - 
10489814 5641 197 1.011 0.071 0.078  3.198 0.005 44352.89 14.690 5.9E-02 55065.86 0.12 5.7E+34 - 
10489814 5641 197 1.011 0.071 0.078  3.198 0.005 44352.89 14.690 5.9E-02 55118.73 0.12 1.0E+35 - 
10489814 5641 197 1.011 0.071 0.078  3.198 0.005 44352.89 14.690 5.9E-02 55143.37 0.19 1.1E+35 - 
10489814 5641 197 1.011 0.071 0.078  3.198 0.005 44352.89 14.690 5.9E-02 55162.49 0.15 1.0E+35 - 
10489814 5641 197 1.011 0.071 0.078  3.198 0.005 44352.89 14.690 5.9E-02 55247.29 0.21 7.5E+34 - 
10489814 5641 197 1.011 0.071 0.078  3.198 0.005 44352.89 14.690 5.9E-02 55278.45 0.17 1.1E+35 - 
10489814 5641 197 1.011 0.071 0.078  3.198 0.005 44352.89 14.690 5.9E-02 55381.81 0.12 5.6E+34 - 
10489814 5641 197 1.011 0.071 0.078  3.198 0.005 44352.89 14.690 5.9E-02 55396.75 0.06 2.3E+34 - 
10489814 5641 197 1.011 0.071 0.078  3.198 0.005 44352.89 14.690 5.9E-02 55417.02 0.15 5.0E+34 - 
10489814 5641 197 1.011 0.071 0.078  3.198 0.005 44352.89 14.690 5.9E-02 55435.24 0.10 4.0E+34 - 
10489814 5641 197 1.011 0.071 0.078  3.198 0.005 44352.89 14.690 5.9E-02 55578.19 0.10 3.1E+34 - 
10489814 5641 197 1.011 0.071 0.078  3.198 0.005 44352.89 14.690 5.9E-02 55591.66 0.21 1.6E+35 - 
10489814 5641 197 1.011 0.071 0.078  3.198 0.005 44352.89 14.690 5.9E-02 55618.02 0.06 3.0E+34 - 
10489814 5641 197 1.011 0.071 0.078  3.198 0.005 44352.89 14.690 5.9E-02 55673.39 0.10 8.2E+34 - 
10489814 5641 197 1.011 0.071 0.078  3.198 0.005 44352.89 14.690 5.9E-02 55697.77 0.10 3.0E+34 - 
10489814 5641 197 1.011 0.071 0.078  3.198 0.005 44352.89 14.690 5.9E-02 55724.19 0.15 7.3E+34 - 
10489814 5641 197 1.011 0.071 0.078  3.198 0.005 44352.89 14.690 5.9E-02 55948.82 0.08 5.9E+34 - 
10489814 5641 197 1.011 0.071 0.078  3.198 0.005 44352.89 14.690 5.9E-02 55979.30 0.12 6.7E+34 - 
10489814 5641 197 1.011 0.071 0.078  3.198 0.005 44352.89 14.690 5.9E-02 55990.77 0.08 5.5E+34 - 
10489814 5641 197 1.011 0.071 0.078  3.198 0.005 44352.89 14.690 5.9E-02 55991.50 0.17 1.2E+35 - 
10489814 5641 197 1.011 0.071 0.078  3.198 0.005 44352.89 14.690 5.9E-02 56009.52 0.15 3.7E+34 - 
10489814 5641 197 1.011 0.071 0.078  3.198 0.005 44352.89 14.690 5.9E-02 56032.04 0.10 3.6E+34 - 
10489814 5641 197 1.011 0.071 0.078  3.198 0.005 44352.89 14.690 5.9E-02 56039.95 0.06 1.7E+34 - 
10489814 5641 197 1.011 0.071 0.078  3.198 0.005 44352.89 14.690 5.9E-02 56050.94 0.08 2.5E+34 - 
10489814 5641 197 1.011 0.071 0.078  3.198 0.005 44352.89 14.690 5.9E-02 56089.97 0.06 4.1E+34 - 
10489814 5641 197 1.011 0.071 0.078  3.198 0.005 44352.89 14.690 5.9E-02 56131.80 0.12 1.0E+35 - 
10489814 5641 197 1.011 0.071 0.078  3.198 0.005 44352.89 14.690 5.9E-02 56143.53 0.19 1.1E+35 - 
10489814 5641 197 1.011 0.071 0.078  3.198 0.005 44352.89 14.690 5.9E-02 56163.25 0.12 5.4E+34 - 
10489814 5641 197 1.011 0.071 0.078  3.198 0.005 44352.89 14.690 5.9E-02 56167.19 0.08 3.2E+34 - 
10489814 5641 197 1.011 0.071 0.078  3.198 0.005 44352.89 14.690 5.9E-02 56306.38 0.10 2.8E+34 - 
10489814 5641 197 1.011 0.071 0.078  3.198 0.005 44352.89 14.690 5.9E-02 56343.14 0.08 1.8E+34 - 
10489814 5641 197 1.011 0.071 0.078  3.198 0.005 44352.89 14.690 5.9E-02 56360.57 0.08 3.1E+34 - 
10529366 5697 199 1.243 0.083 0.092 10.464 0.050  9630.98 12.586 1.9E-02 55658.89 0.08 6.7E+33 - 
10529366 5697 199 1.243 0.083 0.092 10.464 0.050  9630.98 12.586 1.9E-02 55762.98 0.15 1.6E+34 - 
10529366 5697 199 1.243 0.083 0.092 10.464 0.050  9630.98 12.586 1.9E-02 55795.75 0.06 7.3E+33 - 
10537061 5242 183 0.984 0.068 0.075  1.279 0.003 37028.22 14.846 4.9E-02 54971.85 0.17 6.7E+34 - 
10537061 5242 183 0.984 0.068 0.075  1.279 0.003 37028.22 14.846 4.9E-02 54991.04 0.08 5.5E+34 - 
10537061 5242 183 0.984 0.068 0.075  1.279 0.003 37028.22 14.846 4.9E-02 55017.95 0.15 3.6E+34 - 
10537061 5242 183 0.984 0.068 0.075  1.279 0.003 37028.22 14.846 4.9E-02 55020.03 0.12 4.6E+34 - 
10537061 5242 183 0.984 0.068 0.075  1.279 0.003 37028.22 14.846 4.9E-02 55032.86 0.10 1.3E+35 - 
10537061 5242 183 0.984 0.068 0.075  1.279 0.003 37028.22 14.846 4.9E-02 55050.38 0.15 4.3E+34 - 
10537061 5242 183 0.984 0.068 0.075  1.279 0.003 37028.22 14.846 4.9E-02 55060.43 0.21 2.6E+35 - 
10537061 5242 183 0.984 0.068 0.075  1.279 0.003 37028.22 14.846 4.9E-02 55083.83 0.12 7.3E+34 - 
10537061 5242 183 0.984 0.068 0.075  1.279 0.003 37028.22 14.846 4.9E-02 55105.67 0.17 7.0E+34 - 
10537061 5242 183 0.984 0.068 0.075  1.279 0.003 37028.22 14.846 4.9E-02 55106.75 0.12 2.6E+34 - 
10537061 5242 183 0.984 0.068 0.075  1.279 0.003 37028.22 14.846 4.9E-02 55123.26 0.19 5.9E+34 - 
10537061 5242 183 0.984 0.068 0.075  1.279 0.003 37028.22 14.846 4.9E-02 55150.72 0.10 9.0E+34 - 
10537061 5242 183 0.984 0.068 0.075  1.279 0.003 37028.22 14.846 4.9E-02 55167.54 0.25 6.4E+34 - 
10537061 5242 183 0.984 0.068 0.075  1.279 0.003 37028.22 14.846 4.9E-02 55205.18 0.12 1.4E+35 - 
10537061 5242 183 0.984 0.068 0.075  1.279 0.003 37028.22 14.846 4.9E-02 55226.63 0.12 1.3E+35 - 
10537061 5242 183 0.984 0.068 0.075  1.279 0.003 37028.22 14.846 4.9E-02 55240.47 0.23 1.1E+35 - 
10537061 5242 183 0.984 0.068 0.075  1.279 0.003 37028.22 14.846 4.9E-02 55278.33 0.21 2.8E+34 - 
10537061 5242 183 0.984 0.068 0.075  1.279 0.003 37028.22 14.846 4.9E-02 55280.64 0.15 3.1E+34 - 
10537061 5242 183 0.984 0.068 0.075  1.279 0.003 37028.22 14.846 4.9E-02 55297.68 0.17 6.5E+34 - 
10537061 5242 183 0.984 0.068 0.075  1.279 0.003 37028.22 14.846 4.9E-02 55330.09 0.08 2.1E+34 - 
10537061 5242 183 0.984 0.068 0.075  1.279 0.003 37028.22 14.846 4.9E-02 55339.08 0.10 6.0E+34 - 
10537061 5242 183 0.984 0.068 0.075  1.279 0.003 37028.22 14.846 4.9E-02 55348.58 0.08 5.1E+34 - 
10537061 5242 183 0.984 0.068 0.075  1.279 0.003 37028.22 14.846 4.9E-02 55356.00 0.10 3.7E+34 - 
10537061 5242 183 0.984 0.068 0.075  1.279 0.003 37028.22 14.846 4.9E-02 55358.02 0.19 2.1E+35 - 
10537061 5242 183 0.984 0.068 0.075  1.279 0.003 37028.22 14.846 4.9E-02 55359.94 0.17 1.3E+35 - 
10537061 5242 183 0.984 0.068 0.075  1.279 0.003 37028.22 14.846 4.9E-02 55375.74 0.19 2.5E+35 - 
10537061 5242 183 0.984 0.068 0.075  1.279 0.003 37028.22 14.846 4.9E-02 55390.21 0.17 1.9E+35 - 
10537061 5242 183 0.984 0.068 0.075  1.279 0.003 37028.22 14.846 4.9E-02 55391.31 0.21 1.3E+35 - 
10537061 5242 183 0.984 0.068 0.075  1.279 0.003 37028.22 14.846 4.9E-02 55404.18 0.19 3.6E+35 - 
10537061 5242 183 0.984 0.068 0.075  1.279 0.003 37028.22 14.846 4.9E-02 55408.21 0.21 2.6E+35 - 
10537061 5242 183 0.984 0.068 0.075  1.279 0.003 37028.22 14.846 4.9E-02 55472.39 0.19 4.3E+34 - 
10537061 5242 183 0.984 0.068 0.075  1.279 0.003 37028.22 14.846 4.9E-02 55506.60 0.15 3.0E+34 - 
10537061 5242 183 0.984 0.068 0.075  1.279 0.003 37028.22 14.846 4.9E-02 55508.62 0.12 1.7E+35 - 
10537061 5242 183 0.984 0.068 0.075  1.279 0.003 37028.22 14.846 4.9E-02 55525.54 0.10 3.0E+34 - 
10537061 5242 183 0.984 0.068 0.075  1.279 0.003 37028.22 14.846 4.9E-02 55531.79 0.12 6.0E+34 - 
10537061 5242 183 0.984 0.068 0.075  1.279 0.003 37028.22 14.846 4.9E-02 55575.23 0.23 4.3E+35 - 
10537061 5242 183 0.984 0.068 0.075  1.279 0.003 37028.22 14.846 4.9E-02 55605.51 0.15 1.6E+35 - 
10537061 5242 183 0.984 0.068 0.075  1.279 0.003 37028.22 14.846 4.9E-02 55621.20 0.25 8.9E+35 - 
10537061 5242 183 0.984 0.068 0.075  1.279 0.003 37028.22 14.846 4.9E-02 55696.20 0.08 4.9E+34 - 
10537061 5242 183 0.984 0.068 0.075  1.279 0.003 37028.22 14.846 4.9E-02 55705.72 0.10 2.3E+35 - 
10537061 5242 183 0.984 0.068 0.075  1.279 0.003 37028.22 14.846 4.9E-02 55723.23 0.27 2.1E+35 - 
10537061 5242 183 0.984 0.068 0.075  1.279 0.003 37028.22 14.846 4.9E-02 55733.92 0.25 2.6E+35 - 
10537061 5242 183 0.984 0.068 0.075  1.279 0.003 37028.22 14.846 4.9E-02 55747.14 0.27 6.5E+35 - 
10537061 5242 183 0.984 0.068 0.075  1.279 0.003 37028.22 14.846 4.9E-02 55759.79 0.10 9.6E+35 - 
10537061 5242 183 0.984 0.068 0.075  1.279 0.003 37028.22 14.846 4.9E-02 55780.28 0.19 3.3E+35 - 
10537061 5242 183 0.984 0.068 0.075  1.279 0.003 37028.22 14.846 4.9E-02 55803.86 0.25 5.3E+35 - 
10537061 5242 183 0.984 0.068 0.075  1.279 0.003 37028.22 14.846 4.9E-02 55804.21 0.15 9.5E+34 - 
10537061 5242 183 0.984 0.068 0.075  1.279 0.003 37028.22 14.846 4.9E-02 55857.26 0.25 1.2E+34 - 
10537061 5242 183 0.984 0.068 0.075  1.279 0.003 37028.22 14.846 4.9E-02 55889.52 0.19 1.3E+34 - 
10537061 5242 183 0.984 0.068 0.075  1.279 0.003 37028.22 14.846 4.9E-02 55921.78 0.17 1.8E+34 - 
10537061 5242 183 0.984 0.068 0.075  1.279 0.003 37028.22 14.846 4.9E-02 55965.96 0.23 3.2E+34 - 
10537061 5242 183 0.984 0.068 0.075  1.279 0.003 37028.22 14.846 4.9E-02 55986.21 0.25 2.3E+35 - 
10537061 5242 183 0.984 0.068 0.075  1.279 0.003 37028.22 14.846 4.9E-02 56034.21 0.12 9.9E+34 - 
10537061 5242 183 0.984 0.068 0.075  1.279 0.003 37028.22 14.846 4.9E-02 56042.49 0.17 6.7E+34 - 
10537061 5242 183 0.984 0.068 0.075  1.279 0.003 37028.22 14.846 4.9E-02 56059.43 0.10 8.2E+34 - 
10537061 5242 183 0.984 0.068 0.075  1.279 0.003 37028.22 14.846 4.9E-02 56073.77 0.10 1.2E+35 - 
10537061 5242 183 0.984 0.068 0.075  1.279 0.003 37028.22 14.846 4.9E-02 56080.47 0.12 5.5E+34 - 
10537061 5242 183 0.984 0.068 0.075  1.279 0.003 37028.22 14.846 4.9E-02 56089.24 0.19 6.8E+34 - 
10537061 5242 183 0.984 0.068 0.075  1.279 0.003 37028.22 14.846 4.9E-02 56090.36 0.10 7.9E+34 - 
10537061 5242 183 0.984 0.068 0.075  1.279 0.003 37028.22 14.846 4.9E-02 56095.82 0.15 2.9E+35 - 
10537061 5242 183 0.984 0.068 0.075  1.279 0.003 37028.22 14.846 4.9E-02 56112.94 0.23 1.0E+35 - 
10537061 5242 183 0.984 0.068 0.075  1.279 0.003 37028.22 14.846 4.9E-02 56152.05 0.25 2.2E+35 - 
10537061 5242 183 0.984 0.068 0.075  1.279 0.003 37028.22 14.846 4.9E-02 56171.75 0.23 7.9E+35 - 
10537061 5242 183 0.984 0.068 0.075  1.279 0.003 37028.22 14.846 4.9E-02 56202.79 0.08 6.1E+34 - 
10537061 5242 183 0.984 0.068 0.075  1.279 0.003 37028.22 14.846 4.9E-02 56206.71 0.21 1.2E+35 - 
10537061 5242 183 0.984 0.068 0.075  1.279 0.003 37028.22 14.846 4.9E-02 56216.13 0.15 9.4E+34 - 
10537061 5242 183 0.984 0.068 0.075  1.279 0.003 37028.22 14.846 4.9E-02 56233.68 0.15 5.9E+34 - 
10537061 5242 183 0.984 0.068 0.075  1.279 0.003 37028.22 14.846 4.9E-02 56240.18 0.23 9.6E+34 - 
10537061 5242 183 0.984 0.068 0.075  1.279 0.003 37028.22 14.846 4.9E-02 56240.53 0.10 3.2E+34 - 
10537061 5242 183 0.984 0.068 0.075  1.279 0.003 37028.22 14.846 4.9E-02 56257.59 0.15 1.6E+35 - 
10537061 5242 183 0.984 0.068 0.075  1.279 0.003 37028.22 14.846 4.9E-02 56276.12 0.10 2.7E+34 - 
10537061 5242 183 0.984 0.068 0.075  1.279 0.003 37028.22 14.846 4.9E-02 56298.93 0.08 3.8E+34 - 
10537061 5242 183 0.984 0.068 0.075  1.279 0.003 37028.22 14.846 4.9E-02 56338.24 0.15 1.0E+35 - 
10537061 5242 183 0.984 0.068 0.075  1.279 0.003 37028.22 14.846 4.9E-02 56349.23 0.12 2.6E+34 - 
10537061 5242 183 0.984 0.068 0.075  1.279 0.003 37028.22 14.846 4.9E-02 56380.48 0.25 4.4E+35 - 
10537061 5242 183 0.984 0.068 0.075  1.279 0.003 37028.22 14.846 4.9E-02 56406.39 0.21 1.4E+34 - 
10537061 5242 183 0.984 0.068 0.075  1.279 0.003 37028.22 14.846 4.9E-02 56411.80 0.19 3.4E+34 - 
10610702 5836 204 1.194 0.082 0.091  3.930 0.025 13073.80 14.201 2.4E-02 55060.31 0.10 2.0E+34 - 
10610702 5836 204 1.194 0.082 0.091  3.930 0.025 13073.80 14.201 2.4E-02 55192.59 0.15 1.1E+35 - 
10610702 5836 204 1.194 0.082 0.091  3.930 0.025 13073.80 14.201 2.4E-02 55214.31 0.10 2.4E+34 - 
10610702 5836 204 1.194 0.082 0.091  3.930 0.025 13073.80 14.201 2.4E-02 55227.39 0.15 6.5E+34 - 
10610702 5836 204 1.194 0.082 0.091  3.930 0.025 13073.80 14.201 2.4E-02 55368.02 0.12 3.7E+34 - 
10610702 5836 204 1.194 0.082 0.091  3.930 0.025 13073.80 14.201 2.4E-02 55411.54 0.08 2.6E+34 - 
10610702 5836 204 1.194 0.082 0.091  3.930 0.025 13073.80 14.201 2.4E-02 55679.11 0.06 1.6E+34 - 
10731303 5468 191 0.753 0.060 0.067 22.013 0.229  6139.64 15.734 4.6E-03 55189.97 0.06 9.6E+33 - 
10801794 5892 206 1.039 0.070 0.077  5.485 0.090 16544.16 12.327 2.3E-02 54965.55 0.06 5.2E+33 - 
10801794 5892 206 1.039 0.070 0.077  5.485 0.090 16544.16 12.327 2.3E-02 54976.20 0.08 4.6E+33 - 
10801794 5892 206 1.039 0.070 0.077  5.485 0.090 16544.16 12.327 2.3E-02 55007.12 0.12 8.2E+33 - 
10801794 5892 206 1.039 0.070 0.077  5.485 0.090 16544.16 12.327 2.3E-02 55040.26 0.08 4.5E+33 - 
10801794 5892 206 1.039 0.070 0.077  5.485 0.090 16544.16 12.327 2.3E-02 55130.78 0.08 3.4E+33 - 
10801794 5892 206 1.039 0.070 0.077  5.485 0.090 16544.16 12.327 2.3E-02 55143.33 0.19 2.1E+33 - 
10801794 5892 206 1.039 0.070 0.077  5.485 0.090 16544.16 12.327 2.3E-02 55192.71 0.19 9.2E+33 - 
10801794 5892 206 1.039 0.070 0.077  5.485 0.090 16544.16 12.327 2.3E-02 55199.88 0.08 3.8E+33 - 
10801794 5892 206 1.039 0.070 0.077  5.485 0.090 16544.16 12.327 2.3E-02 55211.90 0.06 4.0E+33 - 
10801794 5892 206 1.039 0.070 0.077  5.485 0.090 16544.16 12.327 2.3E-02 55397.20 0.08 4.0E+33 - 
10801794 5892 206 1.039 0.070 0.077  5.485 0.090 16544.16 12.327 2.3E-02 55452.39 0.17 1.0E+34 - 
10801794 5892 206 1.039 0.070 0.077  5.485 0.090 16544.16 12.327 2.3E-02 56405.73 0.10 4.0E+33 - 
10848443 5796 203 1.273 0.094 0.104  2.016 0.008  5262.61 14.954 1.1E-02 54964.78 0.23 2.1E+35 - 
10848443 5796 203 1.273 0.094 0.104  2.016 0.008  5262.61 14.954 1.1E-02 55027.14 0.15 1.3E+35 - 
10848443 5796 203 1.273 0.094 0.104  2.016 0.008  5262.61 14.954 1.1E-02 55066.07 0.10 7.4E+34 - 
10848443 5796 203 1.273 0.094 0.104  2.016 0.008  5262.61 14.954 1.1E-02 55100.13 0.12 9.4E+34 - 
10848443 5796 203 1.273 0.094 0.104  2.016 0.008  5262.61 14.954 1.1E-02 55298.72 0.10 1.3E+35 - 
10848443 5796 203 1.273 0.094 0.104  2.016 0.008  5262.61 14.954 1.1E-02 55468.83 0.21 2.8E+35 - 
10848443 5796 203 1.273 0.094 0.104  2.016 0.008  5262.61 14.954 1.1E-02 55539.27 0.15 1.3E+35 - 
10848443 5796 203 1.273 0.094 0.104  2.016 0.008  5262.61 14.954 1.1E-02 55694.62 0.17 2.6E+35 - 
10848443 5796 203 1.273 0.094 0.104  2.016 0.008  5262.61 14.954 1.1E-02 55805.17 0.19 2.7E+35 - 
10848443 5796 203 1.273 0.094 0.104  2.016 0.008  5262.61 14.954 1.1E-02 55861.38 0.08 3.1E+35 - 
10848443 5796 203 1.273 0.094 0.104  2.016 0.008  5262.61 14.954 1.1E-02 55871.97 0.15 3.3E+34 - 
10848443 5796 203 1.273 0.094 0.104  2.016 0.008  5262.61 14.954 1.1E-02 55888.19 0.19 3.1E+35 - 
10848443 5796 203 1.273 0.094 0.104  2.016 0.008  5262.61 14.954 1.1E-02 55899.82 0.08 4.9E+34 - 
10848443 5796 203 1.273 0.094 0.104  2.016 0.008  5262.61 14.954 1.1E-02 55902.78 0.19 5.8E+34 - 
10848443 5796 203 1.273 0.094 0.104  2.016 0.008  5262.61 14.954 1.1E-02 55913.24 0.06 4.6E+34 - 
10848443 5796 203 1.273 0.094 0.104  2.016 0.008  5262.61 14.954 1.1E-02 55916.12 0.10 6.1E+34 - 
10848443 5796 203 1.273 0.094 0.104  2.016 0.008  5262.61 14.954 1.1E-02 56100.83 0.08 8.0E+34 - 
10848443 5796 203 1.273 0.094 0.104  2.016 0.008  5262.61 14.954 1.1E-02 56255.02 0.06 9.1E+34 - 
10861194 5248 184 1.055 0.074 0.082  1.277 0.004 55885.37 15.004 8.5E-02 55005.91 0.17 5.0E+34 - 
10861194 5248 184 1.055 0.074 0.082  1.277 0.004 55885.37 15.004 8.5E-02 55006.77 0.08 6.0E+34 - 
10861194 5248 184 1.055 0.074 0.082  1.277 0.004 55885.37 15.004 8.5E-02 55019.62 0.21 1.7E+35 - 
10861194 5248 184 1.055 0.074 0.082  1.277 0.004 55885.37 15.004 8.5E-02 55023.83 0.06 4.2E+34 - 
10861194 5248 184 1.055 0.074 0.082  1.277 0.004 55885.37 15.004 8.5E-02 55106.47 0.17 4.1E+34 - 
10861194 5248 184 1.055 0.074 0.082  1.277 0.004 55885.37 15.004 8.5E-02 55120.42 0.23 1.3E+35 - 
10861194 5248 184 1.055 0.074 0.082  1.277 0.004 55885.37 15.004 8.5E-02 55172.57 0.08 4.3E+34 - 
10861194 5248 184 1.055 0.074 0.082  1.277 0.004 55885.37 15.004 8.5E-02 55195.51 0.06 4.0E+34 - 
10861194 5248 184 1.055 0.074 0.082  1.277 0.004 55885.37 15.004 8.5E-02 55208.83 0.12 1.6E+35 - 
10861194 5248 184 1.055 0.074 0.082  1.277 0.004 55885.37 15.004 8.5E-02 55222.63 0.06 7.2E+34 - 
10861194 5248 184 1.055 0.074 0.082  1.277 0.004 55885.37 15.004 8.5E-02 55251.52 0.23 1.0E+35 - 
10861194 5248 184 1.055 0.074 0.082  1.277 0.004 55885.37 15.004 8.5E-02 55264.64 0.08 1.4E+35 - 
10861194 5248 184 1.055 0.074 0.082  1.277 0.004 55885.37 15.004 8.5E-02 55292.80 0.10 1.3E+35 - 
10861194 5248 184 1.055 0.074 0.082  1.277 0.004 55885.37 15.004 8.5E-02 55317.79 0.21 7.5E+34 - 
10861194 5248 184 1.055 0.074 0.082  1.277 0.004 55885.37 15.004 8.5E-02 55334.81 0.10 6.3E+34 - 
10861194 5248 184 1.055 0.074 0.082  1.277 0.004 55885.37 15.004 8.5E-02 55344.01 0.08 1.0E+35 - 
10861194 5248 184 1.055 0.074 0.082  1.277 0.004 55885.37 15.004 8.5E-02 55347.32 0.08 8.0E+34 - 
10861194 5248 184 1.055 0.074 0.082  1.277 0.004 55885.37 15.004 8.5E-02 55354.55 0.21 3.9E+34 - 
10861194 5248 184 1.055 0.074 0.082  1.277 0.004 55885.37 15.004 8.5E-02 55361.58 0.12 8.4E+34 - 
10861194 5248 184 1.055 0.074 0.082  1.277 0.004 55885.37 15.004 8.5E-02 55369.85 0.19 1.9E+35 - 
10861194 5248 184 1.055 0.074 0.082  1.277 0.004 55885.37 15.004 8.5E-02 55386.45 0.10 1.6E+34 - 
10861194 5248 184 1.055 0.074 0.082  1.277 0.004 55885.37 15.004 8.5E-02 55391.53 0.10 8.0E+33 - 
10861194 5248 184 1.055 0.074 0.082  1.277 0.004 55885.37 15.004 8.5E-02 55430.46 0.19 3.6E+34 - 
10861194 5248 184 1.055 0.074 0.082  1.277 0.004 55885.37 15.004 8.5E-02 55450.89 0.23 4.3E+34 - 
10861194 5248 184 1.055 0.074 0.082  1.277 0.004 55885.37 15.004 8.5E-02 55485.30 0.23 1.3E+35 - 
10861194 5248 184 1.055 0.074 0.082  1.277 0.004 55885.37 15.004 8.5E-02 55506.51 0.21 3.3E+35 - 
10861194 5248 184 1.055 0.074 0.082  1.277 0.004 55885.37 15.004 8.5E-02 55515.75 0.15 4.6E+35 - 
10861194 5248 184 1.055 0.074 0.082  1.277 0.004 55885.37 15.004 8.5E-02 55528.19 0.23 1.2E+35 - 
10861194 5248 184 1.055 0.074 0.082  1.277 0.004 55885.37 15.004 8.5E-02 55541.02 0.19 1.5E+35 - 
10861194 5248 184 1.055 0.074 0.082  1.277 0.004 55885.37 15.004 8.5E-02 55580.60 0.08 5.4E+34 - 
10861194 5248 184 1.055 0.074 0.082  1.277 0.004 55885.37 15.004 8.5E-02 55589.96 0.25 2.0E+35 - 
10861194 5248 184 1.055 0.074 0.082  1.277 0.004 55885.37 15.004 8.5E-02 55592.03 0.10 1.3E+35 - 
10861194 5248 184 1.055 0.074 0.082  1.277 0.004 55885.37 15.004 8.5E-02 55623.74 0.08 3.1E+34 - 
10861194 5248 184 1.055 0.074 0.082  1.277 0.004 55885.37 15.004 8.5E-02 55643.11 0.17 2.6E+35 - 
10861194 5248 184 1.055 0.074 0.082  1.277 0.004 55885.37 15.004 8.5E-02 55662.05 0.10 5.8E+34 - 
10861194 5248 184 1.055 0.074 0.082  1.277 0.004 55885.37 15.004 8.5E-02 55676.74 0.19 9.8E+34 - 
10861194 5248 184 1.055 0.074 0.082  1.277 0.004 55885.37 15.004 8.5E-02 55705.25 0.12 1.6E+35 - 
10861194 5248 184 1.055 0.074 0.082  1.277 0.004 55885.37 15.004 8.5E-02 55712.67 0.12 1.9E+35 - 
10861194 5248 184 1.055 0.074 0.082  1.277 0.004 55885.37 15.004 8.5E-02 55743.65 0.23 3.3E+34 - 
10861194 5248 184 1.055 0.074 0.082  1.277 0.004 55885.37 15.004 8.5E-02 55747.67 0.08 6.0E+34 - 
10861194 5248 184 1.055 0.074 0.082  1.277 0.004 55885.37 15.004 8.5E-02 55765.53 0.08 2.1E+35 - 
10861194 5248 184 1.055 0.074 0.082  1.277 0.004 55885.37 15.004 8.5E-02 55785.90 0.23 1.0E+35 - 
10861194 5248 184 1.055 0.074 0.082  1.277 0.004 55885.37 15.004 8.5E-02 55805.58 0.25 1.5E+35 - 
10861194 5248 184 1.055 0.074 0.082  1.277 0.004 55885.37 15.004 8.5E-02 55839.91 0.21 4.0E+34 - 
10861194 5248 184 1.055 0.074 0.082  1.277 0.004 55885.37 15.004 8.5E-02 55863.77 0.21 7.0E+34 - 
10861194 5248 184 1.055 0.074 0.082  1.277 0.004 55885.37 15.004 8.5E-02 55875.48 0.08 5.2E+34 - 
10861194 5248 184 1.055 0.074 0.082  1.277 0.004 55885.37 15.004 8.5E-02 55907.48 0.12 2.8E+34 - 
10861194 5248 184 1.055 0.074 0.082  1.277 0.004 55885.37 15.004 8.5E-02 55945.30 0.19 2.1E+35 - 
10861194 5248 184 1.055 0.074 0.082  1.277 0.004 55885.37 15.004 8.5E-02 56002.62 0.17 5.4E+34 - 
10861194 5248 184 1.055 0.074 0.082  1.277 0.004 55885.37 15.004 8.5E-02 56007.69 0.17 9.5E+34 - 
10861194 5248 184 1.055 0.074 0.082  1.277 0.004 55885.37 15.004 8.5E-02 56070.26 0.06 4.8E+34 - 
10861194 5248 184 1.055 0.074 0.082  1.277 0.004 55885.37 15.004 8.5E-02 56071.38 0.12 9.4E+34 - 
10861194 5248 184 1.055 0.074 0.082  1.277 0.004 55885.37 15.004 8.5E-02 56081.33 0.08 5.2E+34 - 
10861194 5248 184 1.055 0.074 0.082  1.277 0.004 55885.37 15.004 8.5E-02 56115.99 0.17 7.6E+34 - 
10861194 5248 184 1.055 0.074 0.082  1.277 0.004 55885.37 15.004 8.5E-02 56143.00 0.23 8.4E+34 - 
10861194 5248 184 1.055 0.074 0.082  1.277 0.004 55885.37 15.004 8.5E-02 56159.86 0.15 4.1E+34 - 
10861194 5248 184 1.055 0.074 0.082  1.277 0.004 55885.37 15.004 8.5E-02 56172.18 0.17 1.5E+35 - 
10861194 5248 184 1.055 0.074 0.082  1.277 0.004 55885.37 15.004 8.5E-02 56179.17 0.23 1.2E+35 - 
10861194 5248 184 1.055 0.074 0.082  1.277 0.004 55885.37 15.004 8.5E-02 56182.30 0.23 5.2E+34 - 
10861194 5248 184 1.055 0.074 0.082  1.277 0.004 55885.37 15.004 8.5E-02 56186.05 0.15 2.0E+34 - 
10861194 5248 184 1.055 0.074 0.082  1.277 0.004 55885.37 15.004 8.5E-02 56196.90 0.23 1.6E+35 - 
10861194 5248 184 1.055 0.074 0.082  1.277 0.004 55885.37 15.004 8.5E-02 56214.42 0.10 7.4E+34 - 
10861194 5248 184 1.055 0.074 0.082  1.277 0.004 55885.37 15.004 8.5E-02 56216.56 0.15 7.1E+34 - 
10861194 5248 184 1.055 0.074 0.082  1.277 0.004 55885.37 15.004 8.5E-02 56217.64 0.06 3.0E+34 - 
10861194 5248 184 1.055 0.074 0.082  1.277 0.004 55885.37 15.004 8.5E-02 56226.78 0.12 8.2E+34 - 
10861194 5248 184 1.055 0.074 0.082  1.277 0.004 55885.37 15.004 8.5E-02 56234.71 0.19 1.1E+35 - 
10861194 5248 184 1.055 0.074 0.082  1.277 0.004 55885.37 15.004 8.5E-02 56254.69 0.15 1.3E+35 - 
10861194 5248 184 1.055 0.074 0.082  1.277 0.004 55885.37 15.004 8.5E-02 56273.73 0.12 1.2E+35 - 
10861194 5248 184 1.055 0.074 0.082  1.277 0.004 55885.37 15.004 8.5E-02 56276.35 0.08 4.1E+34 - 
10861194 5248 184 1.055 0.074 0.082  1.277 0.004 55885.37 15.004 8.5E-02 56290.45 0.17 2.7E+35 - 
10861194 5248 184 1.055 0.074 0.082  1.277 0.004 55885.37 15.004 8.5E-02 56295.68 0.12 6.0E+34 - 
10861194 5248 184 1.055 0.074 0.082  1.277 0.004 55885.37 15.004 8.5E-02 56298.95 0.15 2.0E+35 - 
10861194 5248 184 1.055 0.074 0.082  1.277 0.004 55885.37 15.004 8.5E-02 56347.09 0.21 1.8E+35 - 
10861194 5248 184 1.055 0.074 0.082  1.277 0.004 55885.37 15.004 8.5E-02 56369.67 0.08 6.9E+34 - 
10861194 5248 184 1.055 0.074 0.082  1.277 0.004 55885.37 15.004 8.5E-02 56380.17 0.06 4.2E+34 - 
10861194 5248 184 1.055 0.074 0.082  1.277 0.004 55885.37 15.004 8.5E-02 56380.74 0.19 7.3E+34 - 
10861194 5248 184 1.055 0.074 0.082  1.277 0.004 55885.37 15.004 8.5E-02 56413.74 0.12 8.5E+33 - 
10864581 5613 196 1.251 0.091 0.101  6.038 0.027  1380.03 14.909 2.8E-03 56030.53 0.10 3.5E+34 - 
10864581 5613 196 1.251 0.091 0.101  6.038 0.027  1380.03 14.909 2.8E-03 56336.34 0.08 3.7E+34 - 
10910862 5465 191 0.832 0.056 0.062 22.549 2.787  3606.23 13.198 3.3E-03 55081.15 0.06 4.2E+33 - 
10914339 5793 203 1.287 0.088 0.097  8.786 0.017 10350.41 14.069 2.2E-02 55296.39 0.04 1.1E+34 - 
10914339 5793 203 1.287 0.088 0.097  8.786 0.017 10350.41 14.069 2.2E-02 55813.26 0.06 1.6E+34 - 
10914339 5793 203 1.287 0.088 0.097  8.786 0.017 10350.41 14.069 2.2E-02 55943.69 0.08 2.2E+34 - 
10914339 5793 203 1.287 0.088 0.097  8.786 0.017 10350.41 14.069 2.2E-02 56287.08 0.08 2.7E+34 - 
10914339 5793 203 1.287 0.088 0.097  8.786 0.017 10350.41 14.069 2.2E-02 56388.00 0.10 4.4E+34 - 
10916827 5296 185 0.852 0.069 0.077  3.842 0.007  2527.83 15.945 2.5E-03 55981.31 0.10 3.3E+34 - 
10917907 5315 186 1.157 0.102 0.115  4.382 0.011 34084.86 15.969 6.1E-02 55148.72 0.19 4.7E+34 - 
10917907 5315 186 1.157 0.102 0.115  4.382 0.011 34084.86 15.969 6.1E-02 56275.74 0.08 2.6E+34 - 
10936708 5793 203 0.854 0.057 0.064 10.059 0.040 13916.94 12.600 1.3E-02 55745.28 0.08 2.0E+33 - 
10936708 5793 203 0.854 0.057 0.064 10.059 0.040 13916.94 12.600 1.3E-02 55763.18 0.06 3.3E+33 - 
11017553 5818 204 1.249 0.096 0.106 12.531 0.013 24221.09 15.003 4.8E-02 56064.92 0.08 3.2E+34 - 
11018441 5261 184 0.834 0.058 0.064  8.384 0.011 22729.04 15.251 2.1E-02 55151.60 0.08 1.3E+34 - 
11018441 5261 184 0.834 0.058 0.064  8.384 0.011 22729.04 15.251 2.1E-02 55405.12 0.10 1.9E+34 - 
11018441 5261 184 0.834 0.058 0.064  8.384 0.011 22729.04 15.251 2.1E-02 55823.52 0.06 9.6E+33 - 
11018441 5261 184 0.834 0.058 0.064  8.384 0.011 22729.04 15.251 2.1E-02 55872.95 0.06 6.8E+33 - 
11018441 5261 184 0.834 0.058 0.064  8.384 0.011 22729.04 15.251 2.1E-02 56119.05 0.08 2.3E+34 - 
11018441 5261 184 0.834 0.058 0.064  8.384 0.011 22729.04 15.251 2.1E-02 56188.85 0.06 8.2E+33 - 
11018441 5261 184 0.834 0.058 0.064  8.384 0.011 22729.04 15.251 2.1E-02 56196.64 0.06 8.8E+33 - 
11018441 5261 184 0.834 0.058 0.064  8.384 0.011 22729.04 15.251 2.1E-02 56230.46 0.10 1.7E+34 - 
11018441 5261 184 0.834 0.058 0.064  8.384 0.011 22729.04 15.251 2.1E-02 56264.31 0.08 1.1E+34 - 
11027590 5199 182 0.753 0.051 0.056  9.774 0.023 16653.75 14.011 1.3E-02 56064.72 0.12 4.2E+33 - 
11029842 5447 191 1.013 0.069 0.076 25.741 0.684  1536.79 14.332 2.1E-03 55229.49 0.08 9.8E+33 - 
11075480 5953 208 0.795 0.057 0.063 21.651 0.278  2001.46 15.108 1.6E-03 55396.07 0.06 8.7E+33 - 
11129171 5113 179 1.012 0.069 0.077 10.877 0.005 11278.39 13.945 1.6E-02 55044.55 0.19 8.9E+33 - 
11129171 5113 179 1.012 0.069 0.077 10.877 0.005 11278.39 13.945 1.6E-02 55046.00 0.08 1.1E+34 - 
11129171 5113 179 1.012 0.069 0.077 10.877 0.005 11278.39 13.945 1.6E-02 55391.25 0.06 4.3E+33 - 
11129171 5113 179 1.012 0.069 0.077 10.877 0.005 11278.39 13.945 1.6E-02 56160.17 0.08 8.7E+33 - 
11129171 5113 179 1.012 0.069 0.077 10.877 0.005 11278.39 13.945 1.6E-02 56219.32 0.06 5.6E+33 - 
11129752 5383 188 0.803 0.057 0.062 18.547 0.105 12024.04 15.020 1.0E-02 55018.36 0.06 7.8E+33 - 
11140181 5514 110 0.854 0.034 0.036 11.437 0.005 19168.97 13.255 1.8E-02 55010.49 0.08 5.5E+33 - 
11140181 5514 110 0.854 0.034 0.036 11.437 0.005 19168.97 13.255 1.8E-02 55056.02 0.06 4.3E+33 - 
11140181 5514 110 0.854 0.034 0.036 11.437 0.005 19168.97 13.255 1.8E-02 55080.60 0.06 5.1E+33 - 
11140181 5514 110 0.854 0.034 0.036 11.437 0.005 19168.97 13.255 1.8E-02 55227.16 0.19 2.4E+34 - 
11140181 5514 110 0.854 0.034 0.036 11.437 0.005 19168.97 13.255 1.8E-02 55259.69 0.08 5.3E+33 - 
11140181 5514 110 0.854 0.034 0.036 11.437 0.005 19168.97 13.255 1.8E-02 55535.59 0.10 6.6E+33 - 
11140181 5514 110 0.854 0.034 0.036 11.437 0.005 19168.97 13.255 1.8E-02 55656.76 0.08 3.7E+33 - 
11140181 5514 110 0.854 0.034 0.036 11.437 0.005 19168.97 13.255 1.8E-02 55722.44 0.06 2.4E+33 - 
11140181 5514 110 0.854 0.034 0.036 11.437 0.005 19168.97 13.255 1.8E-02 55821.42 0.17 1.4E+34 - 
11140181 5514 110 0.854 0.034 0.036 11.437 0.005 19168.97 13.255 1.8E-02 55967.55 0.10 1.2E+34 - 
11140181 5514 110 0.854 0.034 0.036 11.437 0.005 19168.97 13.255 1.8E-02 56017.21 0.10 5.8E+33 - 
11141091 5756 201 0.879 0.062 0.068 23.446 0.373  2345.32 14.982 2.3E-03 55326.15 0.06 1.6E+34 - 
11187057 5250 184 0.941 0.064 0.071  1.864 0.004 30457.50 14.558 3.7E-02 54972.36 0.23 9.5E+34 - 
11187057 5250 184 0.941 0.064 0.071  1.864 0.004 30457.50 14.558 3.7E-02 54983.17 0.25 1.2E+35 - 
11187057 5250 184 0.941 0.064 0.071  1.864 0.004 30457.50 14.558 3.7E-02 54994.43 0.19 1.1E+35 - 
11187057 5250 184 0.941 0.064 0.071  1.864 0.004 30457.50 14.558 3.7E-02 55024.63 0.10 4.9E+34 - 
11187057 5250 184 0.941 0.064 0.071  1.864 0.004 30457.50 14.558 3.7E-02 55028.55 0.08 6.4E+34 - 
11187057 5250 184 0.941 0.064 0.071  1.864 0.004 30457.50 14.558 3.7E-02 55039.75 0.25 6.3E+34 - 
11187057 5250 184 0.941 0.064 0.071  1.864 0.004 30457.50 14.558 3.7E-02 55041.77 0.17 4.0E+34 - 
11187057 5250 184 0.941 0.064 0.071  1.864 0.004 30457.50 14.558 3.7E-02 55122.48 0.23 1.5E+35 - 
11187057 5250 184 0.941 0.064 0.071  1.864 0.004 30457.50 14.558 3.7E-02 55149.46 0.23 3.7E+35 - 
11187057 5250 184 0.941 0.064 0.071  1.864 0.004 30457.50 14.558 3.7E-02 55239.93 0.19 7.3E+34 - 
11187057 5250 184 0.941 0.064 0.071  1.864 0.004 30457.50 14.558 3.7E-02 55246.68 0.12 3.8E+34 - 
11187057 5250 184 0.941 0.064 0.071  1.864 0.004 30457.50 14.558 3.7E-02 55248.23 0.08 2.1E+34 - 
11187057 5250 184 0.941 0.064 0.071  1.864 0.004 30457.50 14.558 3.7E-02 55291.33 0.19 4.2E+34 - 
11187057 5250 184 0.941 0.064 0.071  1.864 0.004 30457.50 14.558 3.7E-02 55339.22 0.21 1.5E+35 - 
11187057 5250 184 0.941 0.064 0.071  1.864 0.004 30457.50 14.558 3.7E-02 55379.44 0.08 1.4E+34 - 
11187057 5250 184 0.941 0.064 0.071  1.864 0.004 30457.50 14.558 3.7E-02 55417.04 0.23 9.4E+34 - 
11187057 5250 184 0.941 0.064 0.071  1.864 0.004 30457.50 14.558 3.7E-02 55426.21 0.15 3.5E+34 - 
11187057 5250 184 0.941 0.064 0.071  1.864 0.004 30457.50 14.558 3.7E-02 55457.70 0.19 8.1E+34 - 
11187057 5250 184 0.941 0.064 0.071  1.864 0.004 30457.50 14.558 3.7E-02 55472.84 0.23 1.9E+35 - 
11187057 5250 184 0.941 0.064 0.071  1.864 0.004 30457.50 14.558 3.7E-02 55486.00 0.15 7.7E+34 - 
11187057 5250 184 0.941 0.064 0.071  1.864 0.004 30457.50 14.558 3.7E-02 55489.92 0.25 1.0E+35 - 
11187057 5250 184 0.941 0.064 0.071  1.864 0.004 30457.50 14.558 3.7E-02 55505.70 0.12 8.8E+34 - 
11187057 5250 184 0.941 0.064 0.071  1.864 0.004 30457.50 14.558 3.7E-02 55531.32 0.10 9.5E+34 - 
11187057 5250 184 0.941 0.064 0.071  1.864 0.004 30457.50 14.558 3.7E-02 55584.85 0.21 1.2E+35 - 
11187057 5250 184 0.941 0.064 0.071  1.864 0.004 30457.50 14.558 3.7E-02 55618.67 0.15 7.5E+34 - 
11187057 5250 184 0.941 0.064 0.071  1.864 0.004 30457.50 14.558 3.7E-02 55621.02 0.17 1.1E+35 - 
11187057 5250 184 0.941 0.064 0.071  1.864 0.004 30457.50 14.558 3.7E-02 55634.02 0.17 1.5E+35 - 
11187057 5250 184 0.941 0.064 0.071  1.864 0.004 30457.50 14.558 3.7E-02 55684.75 0.17 2.9E+34 - 
11187057 5250 184 0.941 0.064 0.071  1.864 0.004 30457.50 14.558 3.7E-02 55692.27 0.12 4.8E+34 - 
11187057 5250 184 0.941 0.064 0.071  1.864 0.004 30457.50 14.558 3.7E-02 55697.49 0.08 2.2E+34 - 
11187057 5250 184 0.941 0.064 0.071  1.864 0.004 30457.50 14.558 3.7E-02 55699.43 0.15 2.4E+34 - 
11187057 5250 184 0.941 0.064 0.071  1.864 0.004 30457.50 14.558 3.7E-02 55701.76 0.10 2.4E+34 - 
11187057 5250 184 0.941 0.064 0.071  1.864 0.004 30457.50 14.558 3.7E-02 55712.87 0.12 4.0E+34 - 
11187057 5250 184 0.941 0.064 0.071  1.864 0.004 30457.50 14.558 3.7E-02 55717.78 0.08 2.1E+34 - 
11187057 5250 184 0.941 0.064 0.071  1.864 0.004 30457.50 14.558 3.7E-02 55784.51 0.19 5.7E+34 - 
11187057 5250 184 0.941 0.064 0.071  1.864 0.004 30457.50 14.558 3.7E-02 55810.71 0.10 1.8E+34 - 
11187057 5250 184 0.941 0.064 0.071  1.864 0.004 30457.50 14.558 3.7E-02 55841.16 0.12 9.8E+33 - 
11187057 5250 184 0.941 0.064 0.071  1.864 0.004 30457.50 14.558 3.7E-02 55842.81 0.17 7.9E+33 - 
11187057 5250 184 0.941 0.064 0.071  1.864 0.004 30457.50 14.558 3.7E-02 55857.73 0.08 7.9E+33 - 
11187057 5250 184 0.941 0.064 0.071  1.864 0.004 30457.50 14.558 3.7E-02 55919.25 0.08 1.1E+34 - 
11187057 5250 184 0.941 0.064 0.071  1.864 0.004 30457.50 14.558 3.7E-02 55925.83 0.15 1.1E+34 - 
11187057 5250 184 0.941 0.064 0.071  1.864 0.004 30457.50 14.558 3.7E-02 55952.56 0.08 5.0E+34 - 
11187057 5250 184 0.941 0.064 0.071  1.864 0.004 30457.50 14.558 3.7E-02 55959.71 0.19 5.7E+34 - 
11187057 5250 184 0.941 0.064 0.071  1.864 0.004 30457.50 14.558 3.7E-02 55983.37 0.25 1.9E+35 - 
11187057 5250 184 0.941 0.064 0.071  1.864 0.004 30457.50 14.558 3.7E-02 55984.31 0.12 2.9E+34 - 
11187057 5250 184 0.941 0.064 0.071  1.864 0.004 30457.50 14.558 3.7E-02 56013.82 0.08 5.1E+34 - 
11187057 5250 184 0.941 0.064 0.071  1.864 0.004 30457.50 14.558 3.7E-02 56032.33 0.10 3.3E+34 - 
11187057 5250 184 0.941 0.064 0.071  1.864 0.004 30457.50 14.558 3.7E-02 56132.07 0.10 2.1E+34 - 
11187057 5250 184 0.941 0.064 0.071  1.864 0.004 30457.50 14.558 3.7E-02 56163.07 0.23 4.2E+34 - 
11187057 5250 184 0.941 0.064 0.071  1.864 0.004 30457.50 14.558 3.7E-02 56183.42 0.08 4.2E+34 - 
11187057 5250 184 0.941 0.064 0.071  1.864 0.004 30457.50 14.558 3.7E-02 56202.56 0.12 3.1E+34 - 
11187057 5250 184 0.941 0.064 0.071  1.864 0.004 30457.50 14.558 3.7E-02 56257.33 0.08 5.8E+34 - 
11187057 5250 184 0.941 0.064 0.071  1.864 0.004 30457.50 14.558 3.7E-02 56323.26 0.19 3.7E+34 - 
11187057 5250 184 0.941 0.064 0.071  1.864 0.004 30457.50 14.558 3.7E-02 56339.87 0.25 5.2E+34 - 
11187057 5250 184 0.941 0.064 0.071  1.864 0.004 30457.50 14.558 3.7E-02 56386.36 0.17 1.4E+35 - 
11200366 5273 185 0.994 0.091 0.103  3.021 0.007 66720.01 15.959 8.9E-02 55216.13 0.12 4.3E+34 - 
11200366 5273 185 0.994 0.091 0.103  3.021 0.007 66720.01 15.959 8.9E-02 55237.30 0.17 2.0E+35 - 
11200366 5273 185 0.994 0.091 0.103  3.021 0.007 66720.01 15.959 8.9E-02 55261.94 0.15 1.2E+35 - 
11200366 5273 185 0.994 0.091 0.103  3.021 0.007 66720.01 15.959 8.9E-02 55277.31 0.10 6.2E+34 - 
11200366 5273 185 0.994 0.091 0.103  3.021 0.007 66720.01 15.959 8.9E-02 55360.45 0.10 4.6E+34 - 
11200366 5273 185 0.994 0.091 0.103  3.021 0.007 66720.01 15.959 8.9E-02 55361.29 0.17 9.8E+34 - 
11200366 5273 185 0.994 0.091 0.103  3.021 0.007 66720.01 15.959 8.9E-02 55378.29 0.08 3.3E+34 - 
11200366 5273 185 0.994 0.091 0.103  3.021 0.007 66720.01 15.959 8.9E-02 55481.14 0.10 7.2E+34 - 
11200366 5273 185 0.994 0.091 0.103  3.021 0.007 66720.01 15.959 8.9E-02 55491.31 0.12 6.6E+34 - 
11200366 5273 185 0.994 0.091 0.103  3.021 0.007 66720.01 15.959 8.9E-02 55503.63 0.15 8.7E+34 - 
11200366 5273 185 0.994 0.091 0.103  3.021 0.007 66720.01 15.959 8.9E-02 55576.01 0.08 7.5E+34 - 
11200366 5273 185 0.994 0.091 0.103  3.021 0.007 66720.01 15.959 8.9E-02 55578.11 0.10 3.4E+34 - 
11200366 5273 185 0.994 0.091 0.103  3.021 0.007 66720.01 15.959 8.9E-02 55588.29 0.17 6.6E+34 - 
11200366 5273 185 0.994 0.091 0.103  3.021 0.007 66720.01 15.959 8.9E-02 55655.78 0.10 7.2E+34 - 
11200366 5273 185 0.994 0.091 0.103  3.021 0.007 66720.01 15.959 8.9E-02 55693.85 0.15 1.1E+35 - 
11200366 5273 185 0.994 0.091 0.103  3.021 0.007 66720.01 15.959 8.9E-02 55698.08 0.08 7.1E+34 - 
11200366 5273 185 0.994 0.091 0.103  3.021 0.007 66720.01 15.959 8.9E-02 55735.62 0.15 2.4E+35 - 
11200366 5273 185 0.994 0.091 0.103  3.021 0.007 66720.01 15.959 8.9E-02 55742.28 0.15 9.0E+34 - 
11200366 5273 185 0.994 0.091 0.103  3.021 0.007 66720.01 15.959 8.9E-02 55811.90 0.15 7.4E+34 - 
11200366 5273 185 0.994 0.091 0.103  3.021 0.007 66720.01 15.959 8.9E-02 55949.51 0.19 3.0E+35 - 
11200366 5273 185 0.994 0.091 0.103  3.021 0.007 66720.01 15.959 8.9E-02 56035.44 0.10 1.2E+35 - 
11200366 5273 185 0.994 0.091 0.103  3.021 0.007 66720.01 15.959 8.9E-02 56064.92 0.10 4.9E+34 - 
11200366 5273 185 0.994 0.091 0.103  3.021 0.007 66720.01 15.959 8.9E-02 56115.46 0.19 1.2E+35 - 
11200366 5273 185 0.994 0.091 0.103  3.021 0.007 66720.01 15.959 8.9E-02 56164.21 0.10 4.9E+34 - 
11200366 5273 185 0.994 0.091 0.103  3.021 0.007 66720.01 15.959 8.9E-02 56277.74 0.21 2.1E+35 - 
11200366 5273 185 0.994 0.091 0.103  3.021 0.007 66720.01 15.959 8.9E-02 56296.88 0.15 6.0E+34 - 
11200366 5273 185 0.994 0.091 0.103  3.021 0.007 66720.01 15.959 8.9E-02 56389.61 0.10 2.9E+34 - 
11200366 5273 185 0.994 0.091 0.103  3.021 0.007 66720.01 15.959 8.9E-02 55791.13 0.04 3.3E+34 - 
11200366 5273 185 0.994 0.091 0.103  3.021 0.007 66720.01 15.959 8.9E-02 56100.13 0.06 3.1E+34 - 
11234909 5728 200 1.191 0.082 0.090 13.121 0.032 19344.99 14.331 3.5E-02 55660.85 0.06 1.5E+34 - 
11234909 5728 200 1.191 0.082 0.090 13.121 0.032 19344.99 14.331 3.5E-02 55906.07 0.10 2.7E+34 - 
11234992 5296 185 0.843 0.064 0.071 29.741 3.010  4620.25 15.784 4.4E-03 55141.14 0.08 8.7E+33 - 
11235995 5409 189 0.842 0.059 0.065  5.302 0.149 28812.41 15.048 2.7E-02 55044.37 0.15 2.7E+34 - 
11235995 5409 189 0.842 0.059 0.065  5.302 0.149 28812.41 15.048 2.7E-02 55054.71 0.25 3.8E+34 - 
11235995 5409 189 0.842 0.059 0.065  5.302 0.149 28812.41 15.048 2.7E-02 55081.82 0.15 3.1E+34 - 
11235995 5409 189 0.842 0.059 0.065  5.302 0.149 28812.41 15.048 2.7E-02 55094.04 0.08 1.2E+34 - 
11235995 5409 189 0.842 0.059 0.065  5.302 0.149 28812.41 15.048 2.7E-02 55094.57 0.19 4.4E+34 - 
11235995 5409 189 0.842 0.059 0.065  5.302 0.149 28812.41 15.048 2.7E-02 55094.88 0.08 1.4E+34 - 
11235995 5409 189 0.842 0.059 0.065  5.302 0.149 28812.41 15.048 2.7E-02 55105.59 0.10 2.7E+34 - 
11235995 5409 189 0.842 0.059 0.065  5.302 0.149 28812.41 15.048 2.7E-02 55129.33 0.12 1.7E+34 - 
11235995 5409 189 0.842 0.059 0.065  5.302 0.149 28812.41 15.048 2.7E-02 55132.93 0.08 2.1E+34 - 
11235995 5409 189 0.842 0.059 0.065  5.302 0.149 28812.41 15.048 2.7E-02 55165.07 0.21 4.9E+34 - 
11235995 5409 189 0.842 0.059 0.065  5.302 0.149 28812.41 15.048 2.7E-02 55175.71 0.10 4.8E+34 - 
11235995 5409 189 0.842 0.059 0.065  5.302 0.149 28812.41 15.048 2.7E-02 55295.49 0.10 2.2E+34 - 
11235995 5409 189 0.842 0.059 0.065  5.302 0.149 28812.41 15.048 2.7E-02 55310.15 0.15 4.3E+34 - 
11235995 5409 189 0.842 0.059 0.065  5.302 0.149 28812.41 15.048 2.7E-02 55319.14 0.12 4.6E+34 - 
11235995 5409 189 0.842 0.059 0.065  5.302 0.149 28812.41 15.048 2.7E-02 55327.56 0.08 3.0E+34 - 
11235995 5409 189 0.842 0.059 0.065  5.302 0.149 28812.41 15.048 2.7E-02 55330.83 0.12 3.1E+34 - 
11235995 5409 189 0.842 0.059 0.065  5.302 0.149 28812.41 15.048 2.7E-02 55334.50 0.10 2.9E+34 - 
11235995 5409 189 0.842 0.059 0.065  5.302 0.149 28812.41 15.048 2.7E-02 55341.27 0.08 1.9E+34 - 
11235995 5409 189 0.842 0.059 0.065  5.302 0.149 28812.41 15.048 2.7E-02 55383.57 0.15 3.2E+34 - 
11235995 5409 189 0.842 0.059 0.065  5.302 0.149 28812.41 15.048 2.7E-02 55413.56 0.15 4.5E+34 - 
11235995 5409 189 0.842 0.059 0.065  5.302 0.149 28812.41 15.048 2.7E-02 55421.10 0.25 5.4E+34 - 
11235995 5409 189 0.842 0.059 0.065  5.302 0.149 28812.41 15.048 2.7E-02 55428.81 0.06 2.6E+34 - 
11235995 5409 189 0.842 0.059 0.065  5.302 0.149 28812.41 15.048 2.7E-02 55436.53 0.12 2.8E+34 - 
11235995 5409 189 0.842 0.059 0.065  5.302 0.149 28812.41 15.048 2.7E-02 55441.33 0.06 2.6E+34 - 
11235995 5409 189 0.842 0.059 0.065  5.302 0.149 28812.41 15.048 2.7E-02 55446.83 0.10 8.8E+34 - 
11235995 5409 189 0.842 0.059 0.065  5.302 0.149 28812.41 15.048 2.7E-02 55466.18 0.17 4.5E+34 - 
11235995 5409 189 0.842 0.059 0.065  5.302 0.149 28812.41 15.048 2.7E-02 55482.44 0.06 1.2E+34 - 
11235995 5409 189 0.842 0.059 0.065  5.302 0.149 28812.41 15.048 2.7E-02 55490.70 0.10 1.8E+34 - 
11235995 5409 189 0.842 0.059 0.065  5.302 0.149 28812.41 15.048 2.7E-02 55498.65 0.15 2.8E+34 - 
11235995 5409 189 0.842 0.059 0.065  5.302 0.149 28812.41 15.048 2.7E-02 55508.80 0.10 2.8E+34 - 
11235995 5409 189 0.842 0.059 0.065  5.302 0.149 28812.41 15.048 2.7E-02 55510.70 0.12 2.8E+34 - 
11235995 5409 189 0.842 0.059 0.065  5.302 0.149 28812.41 15.048 2.7E-02 55512.15 0.15 2.4E+34 - 
11235995 5409 189 0.842 0.059 0.065  5.302 0.149 28812.41 15.048 2.7E-02 55533.14 0.10 2.3E+34 - 
11235995 5409 189 0.842 0.059 0.065  5.302 0.149 28812.41 15.048 2.7E-02 55688.60 0.10 1.5E+34 - 
11235995 5409 189 0.842 0.059 0.065  5.302 0.149 28812.41 15.048 2.7E-02 55733.25 0.08 9.8E+33 - 
11235995 5409 189 0.842 0.059 0.065  5.302 0.149 28812.41 15.048 2.7E-02 55761.02 0.12 2.7E+34 - 
11235995 5409 189 0.842 0.059 0.065  5.302 0.149 28812.41 15.048 2.7E-02 55762.73 0.10 2.1E+34 - 
11235995 5409 189 0.842 0.059 0.065  5.302 0.149 28812.41 15.048 2.7E-02 55765.37 0.12 3.3E+34 - 
11235995 5409 189 0.842 0.059 0.065  5.302 0.149 28812.41 15.048 2.7E-02 55766.82 0.10 1.9E+34 - 
11235995 5409 189 0.842 0.059 0.065  5.302 0.149 28812.41 15.048 2.7E-02 55785.07 0.10 2.7E+34 - 
11235995 5409 189 0.842 0.059 0.065  5.302 0.149 28812.41 15.048 2.7E-02 55795.83 0.10 1.8E+34 - 
11235995 5409 189 0.842 0.059 0.065  5.302 0.149 28812.41 15.048 2.7E-02 55826.12 0.15 2.8E+34 - 
11235995 5409 189 0.842 0.059 0.065  5.302 0.149 28812.41 15.048 2.7E-02 55831.20 0.10 2.1E+34 - 
11235995 5409 189 0.842 0.059 0.065  5.302 0.149 28812.41 15.048 2.7E-02 55887.93 0.08 1.5E+34 - 
11235995 5409 189 0.842 0.059 0.065  5.302 0.149 28812.41 15.048 2.7E-02 55930.71 0.19 4.2E+34 - 
11235995 5409 189 0.842 0.059 0.065  5.302 0.149 28812.41 15.048 2.7E-02 56062.53 0.06 1.3E+34 - 
11235995 5409 189 0.842 0.059 0.065  5.302 0.149 28812.41 15.048 2.7E-02 56129.72 0.06 1.1E+34 - 
11235995 5409 189 0.842 0.059 0.065  5.302 0.149 28812.41 15.048 2.7E-02 56179.41 0.12 2.2E+34 - 
11235995 5409 189 0.842 0.059 0.065  5.302 0.149 28812.41 15.048 2.7E-02 56214.54 0.08 1.5E+34 - 
11235995 5409 189 0.842 0.059 0.065  5.302 0.149 28812.41 15.048 2.7E-02 56216.83 0.08 1.5E+34 - 
11235995 5409 189 0.842 0.059 0.065  5.302 0.149 28812.41 15.048 2.7E-02 56224.31 0.06 9.4E+33 - 
11235995 5409 189 0.842 0.059 0.065  5.302 0.149 28812.41 15.048 2.7E-02 56226.25 0.12 1.9E+34 - 
11235995 5409 189 0.842 0.059 0.065  5.302 0.149 28812.41 15.048 2.7E-02 56262.04 0.08 1.7E+34 - 
11235995 5409 189 0.842 0.059 0.065  5.302 0.149 28812.41 15.048 2.7E-02 56395.97 0.06 1.6E+34 - 
11243947 5451 191 1.163 0.087 0.096  9.454 0.291 39973.44 15.189 7.2E-02 55047.31 0.15 3.1E+34 - 
11243947 5451 191 1.163 0.087 0.096  9.454 0.291 39973.44 15.189 7.2E-02 55096.47 0.10 3.9E+34 - 
11243947 5451 191 1.163 0.087 0.096  9.454 0.291 39973.44 15.189 7.2E-02 55115.62 0.10 6.7E+34 - 
11243947 5451 191 1.163 0.087 0.096  9.454 0.291 39973.44 15.189 7.2E-02 55531.13 0.31 1.4E+34 - 
11284655 5167 181 0.743 0.050 0.055 11.465 0.227  8283.79 11.722 6.3E-03 55724.11 0.08 1.4E+33 - 
11395310 5671 198 0.944 0.064 0.070  9.574 0.038 20924.93 12.516 2.4E-02 55288.34 0.17 1.3E+34 - 
11403440 5852 205 1.360 0.114 0.127  0.939 0.006  5418.12 15.386 1.3E-02 55379.05 0.10 9.5E+34 - 
11403440 5852 205 1.360 0.114 0.127  0.939 0.006  5418.12 15.386 1.3E-02 55398.03 0.06 3.2E+34 - 
11403440 5852 205 1.360 0.114 0.127  0.939 0.006  5418.12 15.386 1.3E-02 55476.48 0.08 1.0E+35 - 
11403440 5852 205 1.360 0.114 0.127  0.939 0.006  5418.12 15.386 1.3E-02 55747.69 0.08 1.4E+35 - 
11403440 5852 205 1.360 0.114 0.127  0.939 0.006  5418.12 15.386 1.3E-02 55888.17 0.10 1.8E+35 - 
11403440 5852 205 1.360 0.114 0.127  0.939 0.006  5418.12 15.386 1.3E-02 55941.36 0.08 1.0E+35 - 
11403440 5852 205 1.360 0.114 0.127  0.939 0.006  5418.12 15.386 1.3E-02 55956.85 0.10 8.1E+34 - 
11403440 5852 205 1.360 0.114 0.127  0.939 0.006  5418.12 15.386 1.3E-02 56193.15 0.08 1.0E+35 - 
11403440 5852 205 1.360 0.114 0.127  0.939 0.006  5418.12 15.386 1.3E-02 56368.48 0.10 1.3E+35 - 
11408490 5572 195 1.307 0.127 0.146  2.886 0.004 25274.10 14.556 5.6E-02 55141.28 0.06 2.9E+34 - 
11408490 5572 195 1.307 0.127 0.146  2.886 0.004 25274.10 14.556 5.6E-02 55261.66 0.06 3.2E+34 - 
11408490 5572 195 1.307 0.127 0.146  2.886 0.004 25274.10 14.556 5.6E-02 55290.16 0.06 2.6E+34 - 
11408490 5572 195 1.307 0.127 0.146  2.886 0.004 25274.10 14.556 5.6E-02 55334.34 0.10 2.8E+34 - 
11408490 5572 195 1.307 0.127 0.146  2.886 0.004 25274.10 14.556 5.6E-02 55422.49 0.06 1.8E+34 - 
11408490 5572 195 1.307 0.127 0.146  2.886 0.004 25274.10 14.556 5.6E-02 55464.75 0.10 1.0E+35 - 
11408490 5572 195 1.307 0.127 0.146  2.886 0.004 25274.10 14.556 5.6E-02 55603.12 0.10 6.7E+34 - 
11408490 5572 195 1.307 0.127 0.146  2.886 0.004 25274.10 14.556 5.6E-02 55645.30 0.06 2.1E+34 - 
11408490 5572 195 1.307 0.127 0.146  2.886 0.004 25274.10 14.556 5.6E-02 55700.94 0.08 2.8E+34 - 
11408490 5572 195 1.307 0.127 0.146  2.886 0.004 25274.10 14.556 5.6E-02 55824.20 0.12 2.9E+34 - 
11408490 5572 195 1.307 0.127 0.146  2.886 0.004 25274.10 14.556 5.6E-02 55847.92 0.10 2.2E+34 - 
11408490 5572 195 1.307 0.127 0.146  2.886 0.004 25274.10 14.556 5.6E-02 55871.11 0.10 3.2E+34 - 
11408490 5572 195 1.307 0.127 0.146  2.886 0.004 25274.10 14.556 5.6E-02 55917.25 0.06 1.9E+34 - 
11408490 5572 195 1.307 0.127 0.146  2.886 0.004 25274.10 14.556 5.6E-02 56043.10 0.08 2.0E+34 - 
11408490 5572 195 1.307 0.127 0.146  2.886 0.004 25274.10 14.556 5.6E-02 56054.42 0.17 1.0E+35 - 
11408490 5572 195 1.307 0.127 0.146  2.886 0.004 25274.10 14.556 5.6E-02 56189.20 0.10 3.6E+34 - 
11408490 5572 195 1.307 0.127 0.146  2.886 0.004 25274.10 14.556 5.6E-02 56377.37 0.04 2.0E+34 - 
11413690 5886 206 0.818 0.062 0.069 24.238 0.246  3232.87 15.725 2.7E-03 55152.56 0.06 3.0E+34 1 
11414507 5228 183 0.719 0.050 0.055 12.975 0.020  9682.30 15.154 6.8E-03 56394.09 0.06 6.0E+33 - 
11441482 5783 202 1.062 0.083 0.092  9.247 0.005 18494.07 15.512 2.7E-02 55552.18 0.08 3.6E+34 - 
11462675 5232 183 0.744 0.050 0.055 11.297 0.014 14999.81 14.196 1.1E-02 55673.70 0.06 3.4E+33 - 
11462734 5267 184 0.805 0.057 0.063 18.041 0.135 32559.45 15.366 2.9E-02 54969.33 0.12 1.1E+34 - 
11462734 5267 184 0.805 0.057 0.063 18.041 0.135 32559.45 15.366 2.9E-02 55829.73 0.15 2.0E+34 - 
11462734 5267 184 0.805 0.057 0.063 18.041 0.135 32559.45 15.366 2.9E-02 56061.49 0.10 1.2E+34 - 
11462734 5267 184 0.805 0.057 0.063 18.041 0.135 32559.45 15.366 2.9E-02 56353.32 0.31 1.1E+34 - 
11466671 5267 184 0.945 0.073 0.080 10.948 0.009 10342.09 15.882 1.3E-02 55208.30 0.08 1.4E+34 - 
11599385 5762 202 0.848 0.057 0.063 14.599 0.050 12132.64 13.033 1.1E-02 55740.64 0.12 5.5E+33 - 
11600907 5120 179 0.695 0.049 0.055 29.087 0.182  4764.56 15.570 3.2E-03 56254.04 0.08 1.0E+34 - 
11652015 5928 207 1.294 0.091 0.100  3.570 0.004  3473.28 14.702 7.3E-03 55829.69 0.06 2.4E+34 - 
11658610 5766 202 0.905 0.060 0.067 14.888 0.147  7001.07 10.828 7.3E-03 55944.75 0.17 1.8E+33 - 
11665627 5126 179 0.916 0.061 0.067 23.575 0.117  8731.04 11.073 1.0E-02 55070.63 0.12 2.8E+33 - 
11666355 5609 196 0.712 0.057 0.064 18.093 0.230 10521.50 15.778 6.9E-03 55867.58 0.06 8.7E+33 - 
11760462 5387 189 0.807 0.058 0.064 18.150 0.027 16011.71 15.319 1.4E-02 56251.54 0.15 1.5E+34 - 
11766769 5227 183 0.807 0.055 0.060 21.680 0.040 19947.17 14.351 1.8E-02 55058.43 0.08 8.5E+33 - 
11766769 5227 183 0.807 0.055 0.060 21.680 0.040 19947.17 14.351 1.8E-02 55433.89 0.08 6.0E+33 - 
11766769 5227 183 0.807 0.055 0.060 21.680 0.040 19947.17 14.351 1.8E-02 55812.53 0.06 4.2E+33 - 
11766769 5227 183 0.807 0.055 0.060 21.680 0.040 19947.17 14.351 1.8E-02 56165.46 0.10 1.0E+34 - 
11773567 5451 191 0.824 0.062 0.068 26.320 0.233  5627.57 15.583 5.1E-03 55188.14 0.06 1.4E+34 - 
11803937 5220 183 0.733 0.054 0.060 30.762 0.468  6266.03 15.791 4.6E-03 56089.38 0.06 1.9E+34 - 
11805605 5307 186 0.871 0.059 0.065 15.663 0.023 11133.85 12.621 1.1E-02 55086.26 0.15 1.4E+34 - 
11805605 5307 186 0.871 0.059 0.065 15.663 0.023 11133.85 12.621 1.1E-02 55127.14 0.10 1.2E+34 - 
11805605 5307 186 0.871 0.059 0.065 15.663 0.023 11133.85 12.621 1.1E-02 55850.98 0.08 4.9E+33 - 
11805605 5307 186 0.871 0.059 0.065 15.663 0.023 11133.85 12.621 1.1E-02 55911.00 0.08 2.7E+33 - 
11805605 5307 186 0.871 0.059 0.065 15.663 0.023 11133.85 12.621 1.1E-02 56061.12 0.12 1.1E+34 - 
11818232 5792 203 0.988 0.075 0.083  1.014 0.003 55448.59 15.370 6.9E-02 54982.60 0.06 1.2E+34 - 
11818232 5792 203 0.988 0.075 0.083  1.014 0.003 55448.59 15.370 6.9E-02 55034.07 0.08 9.3E+34 - 
11818232 5792 203 0.988 0.075 0.083  1.014 0.003 55448.59 15.370 6.9E-02 55226.90 0.19 3.9E+34 - 
11818232 5792 203 0.988 0.075 0.083  1.014 0.003 55448.59 15.370 6.9E-02 55300.44 0.10 1.6E+35 - 
11818232 5792 203 0.988 0.075 0.083  1.014 0.003 55448.59 15.370 6.9E-02 55323.69 0.12 1.5E+35 - 
11818232 5792 203 0.988 0.075 0.083  1.014 0.003 55448.59 15.370 6.9E-02 55362.74 0.21 1.5E+35 - 
11818232 5792 203 0.988 0.075 0.083  1.014 0.003 55448.59 15.370 6.9E-02 55386.22 0.25 3.8E+34 - 
11818232 5792 203 0.988 0.075 0.083  1.014 0.003 55448.59 15.370 6.9E-02 55499.34 0.23 1.9E+35 - 
11818232 5792 203 0.988 0.075 0.083  1.014 0.003 55448.59 15.370 6.9E-02 55781.14 0.23 1.8E+35 - 
11818232 5792 203 0.988 0.075 0.083  1.014 0.003 55448.59 15.370 6.9E-02 55821.56 0.23 1.7E+35 - 
11818232 5792 203 0.988 0.075 0.083  1.014 0.003 55448.59 15.370 6.9E-02 55913.61 0.08 8.7E+34 - 
11818232 5792 203 0.988 0.075 0.083  1.014 0.003 55448.59 15.370 6.9E-02 55971.44 0.23 2.2E+35 - 
11818232 5792 203 0.988 0.075 0.083  1.014 0.003 55448.59 15.370 6.9E-02 55984.60 0.21 2.0E+35 - 
11818232 5792 203 0.988 0.075 0.083  1.014 0.003 55448.59 15.370 6.9E-02 56021.87 0.19 1.5E+35 - 
11818232 5792 203 0.988 0.075 0.083  1.014 0.003 55448.59 15.370 6.9E-02 56041.55 0.08 3.4E+35 - 
11818232 5792 203 0.988 0.075 0.083  1.014 0.003 55448.59 15.370 6.9E-02 56146.76 0.17 1.3E+35 - 
11818232 5792 203 0.988 0.075 0.083  1.014 0.003 55448.59 15.370 6.9E-02 56286.24 0.17 3.2E+35 - 
11818232 5792 203 0.988 0.075 0.083  1.014 0.003 55448.59 15.370 6.9E-02 55033.74 0.29 4.1E+34 - 
11818740 5510 193 0.809 0.055 0.060 15.433 0.035 22598.45 14.204 1.9E-02 55305.98 0.06 8.9E+33 - 
11818740 5510 193 0.809 0.055 0.060 15.433 0.035 22598.45 14.204 1.9E-02 55509.46 0.06 1.4E+34 - 
11818740 5510 193 0.809 0.055 0.060 15.433 0.035 22598.45 14.204 1.9E-02 55674.03 0.17 2.4E+34 - 
11818740 5510 193 0.809 0.055 0.060 15.433 0.035 22598.45 14.204 1.9E-02 55839.11 0.17 2.0E+34 - 
11818740 5510 193 0.809 0.055 0.060 15.433 0.035 22598.45 14.204 1.9E-02 56233.17 0.06 5.5E+33 - 
11818740 5510 193 0.809 0.055 0.060 15.433 0.035 22598.45 14.204 1.9E-02 55206.16 0.15 1.2E+34 - 
11972298 5749 201 0.998 0.067 0.074 15.562 0.075  9420.10 13.705 1.2E-02 55138.83 0.08 1.7E+34 - 
11972298 5749 201 0.998 0.067 0.074 15.562 0.075  9420.10 13.705 1.2E-02 55467.08 0.19 2.9E+34 - 
11972298 5749 201 0.998 0.067 0.074 15.562 0.075  9420.10 13.705 1.2E-02 55552.20 0.08 9.3E+33 - 
11972298 5749 201 0.998 0.067 0.074 15.562 0.075  9420.10 13.705 1.2E-02 55756.74 0.12 2.9E+34 - 
11972298 5749 201 0.998 0.067 0.074 15.562 0.075  9420.10 13.705 1.2E-02 55765.27 0.08 4.3E+34 - 
11972298 5749 201 0.998 0.067 0.074 15.562 0.075  9420.10 13.705 1.2E-02 56033.19 0.19 6.1E+34 - 
11972298 5749 201 0.998 0.067 0.074 15.562 0.075  9420.10 13.705 1.2E-02 56364.01 0.10 2.5E+34 - 
11972298 5749 201 0.998 0.067 0.074 15.562 0.075  9420.10 13.705 1.2E-02 55634.65 0.12 4.2E+34 - 
12003808 5263 184 0.997 0.088 0.099  3.685 0.007 59800.27 15.909 8.1E-02 54970.09 0.08 6.2E+34 - 
12003808 5263 184 0.997 0.088 0.099  3.685 0.007 59800.27 15.909 8.1E-02 54971.05 0.08 1.5E+35 - 
12003808 5263 184 0.997 0.088 0.099  3.685 0.007 59800.27 15.909 8.1E-02 54980.41 0.06 4.8E+34 - 
12003808 5263 184 0.997 0.088 0.099  3.685 0.007 59800.27 15.909 8.1E-02 54997.55 0.17 9.6E+34 - 
12003808 5263 184 0.997 0.088 0.099  3.685 0.007 59800.27 15.909 8.1E-02 55008.28 0.08 6.2E+34 - 
12003808 5263 184 0.997 0.088 0.099  3.685 0.007 59800.27 15.909 8.1E-02 55049.56 0.12 6.7E+34 - 
12003808 5263 184 0.997 0.088 0.099  3.685 0.007 59800.27 15.909 8.1E-02 55057.65 0.08 6.4E+34 - 
12003808 5263 184 0.997 0.088 0.099  3.685 0.007 59800.27 15.909 8.1E-02 55076.84 0.08 8.1E+34 - 
12003808 5263 184 0.997 0.088 0.099  3.685 0.007 59800.27 15.909 8.1E-02 55090.12 0.12 1.0E+35 - 
12003808 5263 184 0.997 0.088 0.099  3.685 0.007 59800.27 15.909 8.1E-02 55161.10 0.15 1.1E+35 - 
12003808 5263 184 0.997 0.088 0.099  3.685 0.007 59800.27 15.909 8.1E-02 55170.03 0.12 1.4E+35 - 
12003808 5263 184 0.997 0.088 0.099  3.685 0.007 59800.27 15.909 8.1E-02 55186.11 0.10 1.1E+35 - 
12003808 5263 184 0.997 0.088 0.099  3.685 0.007 59800.27 15.909 8.1E-02 55200.25 0.08 3.7E+34 - 
12003808 5263 184 0.997 0.088 0.099  3.685 0.007 59800.27 15.909 8.1E-02 55203.24 0.10 8.5E+34 - 
12003808 5263 184 0.997 0.088 0.099  3.685 0.007 59800.27 15.909 8.1E-02 55326.92 0.10 6.9E+34 - 
12003808 5263 184 0.997 0.088 0.099  3.685 0.007 59800.27 15.909 8.1E-02 55486.18 0.06 3.3E+34 - 
12003808 5263 184 0.997 0.088 0.099  3.685 0.007 59800.27 15.909 8.1E-02 55518.04 0.15 1.2E+35 - 
12003808 5263 184 0.997 0.088 0.099  3.685 0.007 59800.27 15.909 8.1E-02 55534.02 0.17 1.8E+35 - 
12003808 5263 184 0.997 0.088 0.099  3.685 0.007 59800.27 15.909 8.1E-02 55547.34 0.17 2.4E+35 - 
12003808 5263 184 0.997 0.088 0.099  3.685 0.007 59800.27 15.909 8.1E-02 55651.84 0.17 7.9E+34 - 
12003808 5263 184 0.997 0.088 0.099  3.685 0.007 59800.27 15.909 8.1E-02 55659.38 0.06 3.4E+34 - 
12003808 5263 184 0.997 0.088 0.099  3.685 0.007 59800.27 15.909 8.1E-02 55663.52 0.10 8.4E+34 - 
12003808 5263 184 0.997 0.088 0.099  3.685 0.007 59800.27 15.909 8.1E-02 55687.72 0.15 1.6E+35 - 
12003808 5263 184 0.997 0.088 0.099  3.685 0.007 59800.27 15.909 8.1E-02 55705.82 0.08 6.3E+34 - 
12003808 5263 184 0.997 0.088 0.099  3.685 0.007 59800.27 15.909 8.1E-02 55748.22 0.12 7.6E+34 - 
12003808 5263 184 0.997 0.088 0.099  3.685 0.007 59800.27 15.909 8.1E-02 55783.25 0.15 7.1E+34 - 
12003808 5263 184 0.997 0.088 0.099  3.685 0.007 59800.27 15.909 8.1E-02 55803.70 0.19 1.9E+35 - 
12003808 5263 184 0.997 0.088 0.099  3.685 0.007 59800.27 15.909 8.1E-02 55857.64 0.12 5.2E+34 - 
12003808 5263 184 0.997 0.088 0.099  3.685 0.007 59800.27 15.909 8.1E-02 55886.33 0.12 5.7E+34 - 
12003808 5263 184 0.997 0.088 0.099  3.685 0.007 59800.27 15.909 8.1E-02 56067.84 0.10 8.7E+34 - 
12003808 5263 184 0.997 0.088 0.099  3.685 0.007 59800.27 15.909 8.1E-02 56139.89 0.17 8.1E+34 - 
12003808 5263 184 0.997 0.088 0.099  3.685 0.007 59800.27 15.909 8.1E-02 56157.88 0.08 3.2E+34 - 
12003808 5263 184 0.997 0.088 0.099  3.685 0.007 59800.27 15.909 8.1E-02 56173.57 0.12 1.2E+35 - 
12003808 5263 184 0.997 0.088 0.099  3.685 0.007 59800.27 15.909 8.1E-02 56196.35 0.17 1.7E+35 - 
12003808 5263 184 0.997 0.088 0.099  3.685 0.007 59800.27 15.909 8.1E-02 56210.04 0.15 2.8E+35 - 
12003808 5263 184 0.997 0.088 0.099  3.685 0.007 59800.27 15.909 8.1E-02 56217.64 0.15 2.1E+35 - 
12003808 5263 184 0.997 0.088 0.099  3.685 0.007 59800.27 15.909 8.1E-02 56230.03 0.10 1.7E+35 - 
12003808 5263 184 0.997 0.088 0.099  3.685 0.007 59800.27 15.909 8.1E-02 56278.29 0.12 1.4E+35 - 
12003808 5263 184 0.997 0.088 0.099  3.685 0.007 59800.27 15.909 8.1E-02 56397.99 0.08 4.4E+34 - 
12006416 5317 186 0.760 0.051 0.056  8.232 0.006 19438.92 13.497 1.5E-02 55608.54 0.06 2.7E+33 - 
12009642 5795 203 0.943 0.065 0.072  2.235 0.003  1852.99 14.566 2.1E-03 55362.09 0.06 1.4E+34 - 
12009642 5795 203 0.943 0.065 0.072  2.235 0.003  1852.99 14.566 2.1E-03 55600.51 0.08 7.8E+33 - 
12009642 5795 203 0.943 0.065 0.072  2.235 0.003  1852.99 14.566 2.1E-03 55619.10 0.08 1.9E+34 - 
12009642 5795 203 0.943 0.065 0.072  2.235 0.003  1852.99 14.566 2.1E-03 55908.42 0.08 1.3E+34 - 
12009642 5795 203 0.943 0.065 0.072  2.235 0.003  1852.99 14.566 2.1E-03 56350.95 0.10 1.3E+34 - 
12010836 5335 187 0.954 0.072 0.079  2.741 0.046  5285.44 15.417 6.5E-03 55744.67 0.15 6.6E+34 - 
12010836 5335 187 0.954 0.072 0.079  2.741 0.046  5285.44 15.417 6.5E-03 55811.94 0.10 2.0E+34 - 
12010836 5335 187 0.954 0.072 0.079  2.741 0.046  5285.44 15.417 6.5E-03 55826.03 0.12 4.0E+34 - 
12010836 5335 187 0.954 0.072 0.079  2.741 0.046  5285.44 15.417 6.5E-03 55902.09 0.06 9.2E+33 - 
12010836 5335 187 0.954 0.072 0.079  2.741 0.046  5285.44 15.417 6.5E-03 55969.84 0.08 2.3E+34 - 
12010836 5335 187 0.954 0.072 0.079  2.741 0.046  5285.44 15.417 6.5E-03 56209.82 0.10 2.7E+34 - 
12010836 5335 187 0.954 0.072 0.079  2.741 0.046  5285.44 15.417 6.5E-03 56255.79 0.08 1.7E+34 - 
12010836 5335 187 0.954 0.072 0.079  2.741 0.046  5285.44 15.417 6.5E-03 56347.88 0.17 3.5E+34 - 
12010836 5335 187 0.954 0.072 0.079  2.741 0.046  5285.44 15.417 6.5E-03 56423.33 0.21 6.6E+34 - 
12053270 5971 209 0.744 0.053 0.058 21.796 1.587  4338.80 15.017 3.0E-03 56394.02 0.10 3.0E+34 - 
12058874 5772 202 0.832 0.061 0.067 13.881 0.039 17210.13 15.504 1.5E-02 56000.43 0.06 1.2E+34 - 
12102631 5295 185 0.821 0.056 0.062 33.228 0.410  4543.66 14.840 4.1E-03 55152.19 0.06 1.1E+34 - 
12109550 5892 206 1.024 0.069 0.076  4.561 0.009 22529.48 13.285 3.0E-02 54968.72 0.06 5.4E+33 - 
12109550 5892 206 1.024 0.069 0.076  4.561 0.009 22529.48 13.285 3.0E-02 55008.89 0.08 9.2E+33 - 
12109550 5892 206 1.024 0.069 0.076  4.561 0.009 22529.48 13.285 3.0E-02 55033.82 0.10 1.9E+34 - 
12109550 5892 206 1.024 0.069 0.076  4.561 0.009 22529.48 13.285 3.0E-02 55062.51 0.15 3.7E+34 - 
12109550 5892 206 1.024 0.069 0.076  4.561 0.009 22529.48 13.285 3.0E-02 55077.49 0.17 1.6E+34 - 
12109550 5892 206 1.024 0.069 0.076  4.561 0.009 22529.48 13.285 3.0E-02 55143.69 0.10 1.7E+34 - 
12109550 5892 206 1.024 0.069 0.076  4.561 0.009 22529.48 13.285 3.0E-02 55170.44 0.10 1.0E+34 - 
12109550 5892 206 1.024 0.069 0.076  4.561 0.009 22529.48 13.285 3.0E-02 55245.00 0.08 9.8E+33 - 
12109550 5892 206 1.024 0.069 0.076  4.561 0.009 22529.48 13.285 3.0E-02 55262.84 0.08 1.3E+34 - 
12109550 5892 206 1.024 0.069 0.076  4.561 0.009 22529.48 13.285 3.0E-02 55503.43 0.10 2.2E+34 - 
12109550 5892 206 1.024 0.069 0.076  4.561 0.009 22529.48 13.285 3.0E-02 55730.08 0.08 2.2E+34 - 
12109550 5892 206 1.024 0.069 0.076  4.561 0.009 22529.48 13.285 3.0E-02 55846.98 0.08 1.2E+34 - 
12109550 5892 206 1.024 0.069 0.076  4.561 0.009 22529.48 13.285 3.0E-02 56063.96 0.12 2.7E+34 - 
12109550 5892 206 1.024 0.069 0.076  4.561 0.009 22529.48 13.285 3.0E-02 56154.20 0.12 3.4E+34 - 
12109550 5892 206 1.024 0.069 0.076  4.561 0.009 22529.48 13.285 3.0E-02 56266.52 0.10 8.6E+33 - 
12109550 5892 206 1.024 0.069 0.076  4.561 0.009 22529.48 13.285 3.0E-02 56349.89 0.15 3.3E+34 - 
12109550 5892 206 1.024 0.069 0.076  4.561 0.009 22529.48 13.285 3.0E-02 55364.83 0.21 1.5E+34 - 
12207117 5420 190 1.206 0.086 0.095  1.602 0.003 68351.21 14.653 1.3E-01 55047.39 0.06 7.0E+34 - 
12207117 5420 190 1.206 0.086 0.095  1.602 0.003 68351.21 14.653 1.3E-01 55047.58 0.10 5.8E+34 - 
12207117 5420 190 1.206 0.086 0.095  1.602 0.003 68351.21 14.653 1.3E-01 55069.36 0.17 1.5E+35 - 
12207117 5420 190 1.206 0.086 0.095  1.602 0.003 68351.21 14.653 1.3E-01 55096.19 0.12 1.1E+35 - 
12207117 5420 190 1.206 0.086 0.095  1.602 0.003 68351.21 14.653 1.3E-01 55106.83 0.10 5.6E+34 - 
12207117 5420 190 1.206 0.086 0.095  1.602 0.003 68351.21 14.653 1.3E-01 55125.37 0.12 8.7E+34 - 
12207117 5420 190 1.206 0.086 0.095  1.602 0.003 68351.21 14.653 1.3E-01 55149.50 0.15 1.5E+35 - 
12207117 5420 190 1.206 0.086 0.095  1.602 0.003 68351.21 14.653 1.3E-01 55255.59 0.12 1.4E+35 - 
12207117 5420 190 1.206 0.086 0.095  1.602 0.003 68351.21 14.653 1.3E-01 55304.65 0.19 1.3E+35 - 
12207117 5420 190 1.206 0.086 0.095  1.602 0.003 68351.21 14.653 1.3E-01 55405.31 0.17 1.5E+35 - 
12207117 5420 190 1.206 0.086 0.095  1.602 0.003 68351.21 14.653 1.3E-01 55662.69 0.08 4.0E+34 - 
12207117 5420 190 1.206 0.086 0.095  1.602 0.003 68351.21 14.653 1.3E-01 55685.80 0.15 7.7E+34 - 
12207117 5420 190 1.206 0.086 0.095  1.602 0.003 68351.21 14.653 1.3E-01 55747.84 0.10 5.2E+34 - 
12207117 5420 190 1.206 0.086 0.095  1.602 0.003 68351.21 14.653 1.3E-01 55771.35 0.25 1.3E+35 - 
12207117 5420 190 1.206 0.086 0.095  1.602 0.003 68351.21 14.653 1.3E-01 56163.37 0.23 2.5E+35 - 
12207117 5420 190 1.206 0.086 0.095  1.602 0.003 68351.21 14.653 1.3E-01 56171.51 0.08 5.3E+34 - 
12207117 5420 190 1.206 0.086 0.095  1.602 0.003 68351.21 14.653 1.3E-01 56209.02 0.19 1.8E+35 - 
12207117 5420 190 1.206 0.086 0.095  1.602 0.003 68351.21 14.653 1.3E-01 56225.84 0.23 2.0E+35 - 
12207117 5420 190 1.206 0.086 0.095  1.602 0.003 68351.21 14.653 1.3E-01 56263.05 0.12 7.8E+34 - 
12207117 5420 190 1.206 0.086 0.095  1.602 0.003 68351.21 14.653 1.3E-01 56298.21 0.25 1.8E+35 - 
12207117 5420 190 1.206 0.086 0.095  1.602 0.003 68351.21 14.653 1.3E-01 56340.39 0.08 1.1E+34 - 
12207117 5420 190 1.206 0.086 0.095  1.602 0.003 68351.21 14.653 1.3E-01 56365.27 0.19 1.8E+34 - 
12266582 5641 197 0.868 0.059 0.065  6.843 0.016 19235.19 12.958 1.9E-02 54981.06 0.10 9.2E+33 - 
12266582 5641 197 0.868 0.059 0.065  6.843 0.016 19235.19 12.958 1.9E-02 54987.56 0.06 3.7E+33 - 
12266582 5641 197 0.868 0.059 0.065  6.843 0.016 19235.19 12.958 1.9E-02 55115.27 0.10 2.6E+34 - 
12266582 5641 197 0.868 0.059 0.065  6.843 0.016 19235.19 12.958 1.9E-02 55704.90 0.08 1.0E+34 - 
12266582 5641 197 0.868 0.059 0.065  6.843 0.016 19235.19 12.958 1.9E-02 55736.27 0.06 4.6E+33 - 
12266582 5641 197 0.868 0.059 0.065  6.843 0.016 19235.19 12.958 1.9E-02 55813.33 0.08 6.0E+33 - 
12266582 5641 197 0.868 0.059 0.065  6.843 0.016 19235.19 12.958 1.9E-02 55962.20 0.10 8.3E+33 - 
12266582 5641 197 0.868 0.059 0.065  6.843 0.016 19235.19 12.958 1.9E-02 56194.84 0.06 3.9E+33 - 
12266582 5641 197 0.868 0.059 0.065  6.843 0.016 19235.19 12.958 1.9E-02 56353.36 0.19 1.3E+34 - 
12266582 5641 197 0.868 0.059 0.065  6.843 0.016 19235.19 12.958 1.9E-02 56408.02 0.15 1.5E+34 - 
12315148 5766 202 0.745 0.057 0.063 17.669 0.025 18712.70 15.558 1.3E-02 55472.88 0.06 1.5E+34 - 
12354328 5251 184 0.974 0.066 0.073  0.809 0.003 39764.70 14.685 5.1E-02 54967.01 0.25 1.5E+35 - 
12354328 5251 184 0.974 0.066 0.073  0.809 0.003 39764.70 14.685 5.1E-02 54978.49 0.06 3.0E+34 - 
12354328 5251 184 0.974 0.066 0.073  0.809 0.003 39764.70 14.685 5.1E-02 55007.06 0.17 5.3E+34 - 
12354328 5251 184 0.974 0.066 0.073  0.809 0.003 39764.70 14.685 5.1E-02 55040.83 0.17 1.9E+35 - 
12354328 5251 184 0.974 0.066 0.073  0.809 0.003 39764.70 14.685 5.1E-02 55059.90 0.21 1.6E+35 - 
12354328 5251 184 0.974 0.066 0.073  0.809 0.003 39764.70 14.685 5.1E-02 55070.16 0.06 4.2E+34 - 
12354328 5251 184 0.974 0.066 0.073  0.809 0.003 39764.70 14.685 5.1E-02 55101.48 0.23 9.1E+34 - 
12354328 5251 184 0.974 0.066 0.073  0.809 0.003 39764.70 14.685 5.1E-02 55109.08 0.19 7.3E+34 - 
12354328 5251 184 0.974 0.066 0.073  0.809 0.003 39764.70 14.685 5.1E-02 55162.88 0.04 3.4E+34 - 
12354328 5251 184 0.974 0.066 0.073  0.809 0.003 39764.70 14.685 5.1E-02 55164.45 0.10 6.0E+34 - 
12354328 5251 184 0.974 0.066 0.073  0.809 0.003 39764.70 14.685 5.1E-02 55177.35 0.21 3.7E+34 - 
12354328 5251 184 0.974 0.066 0.073  0.809 0.003 39764.70 14.685 5.1E-02 55188.95 0.08 5.8E+33 - 
12354328 5251 184 0.974 0.066 0.073  0.809 0.003 39764.70 14.685 5.1E-02 55196.37 0.23 3.2E+34 - 
12354328 5251 184 0.974 0.066 0.073  0.809 0.003 39764.70 14.685 5.1E-02 55209.45 0.10 4.7E+34 - 
12354328 5251 184 0.974 0.066 0.073  0.809 0.003 39764.70 14.685 5.1E-02 55242.65 0.12 4.3E+34 - 
12354328 5251 184 0.974 0.066 0.073  0.809 0.003 39764.70 14.685 5.1E-02 55287.65 0.12 1.5E+34 - 
12354328 5251 184 0.974 0.066 0.073  0.809 0.003 39764.70 14.685 5.1E-02 55302.67 0.08 4.5E+34 - 
12354328 5251 184 0.974 0.066 0.073  0.809 0.003 39764.70 14.685 5.1E-02 55316.50 0.23 2.5E+34 - 
12354328 5251 184 0.974 0.066 0.073  0.809 0.003 39764.70 14.685 5.1E-02 55323.41 0.17 8.6E+34 - 
12354328 5251 184 0.974 0.066 0.073  0.809 0.003 39764.70 14.685 5.1E-02 55346.52 0.21 2.6E+34 - 
12354328 5251 184 0.974 0.066 0.073  0.809 0.003 39764.70 14.685 5.1E-02 55361.88 0.21 4.5E+34 - 
12354328 5251 184 0.974 0.066 0.073  0.809 0.003 39764.70 14.685 5.1E-02 55382.77 0.25 8.7E+34 - 
12354328 5251 184 0.974 0.066 0.073  0.809 0.003 39764.70 14.685 5.1E-02 55405.90 0.17 3.5E+35 - 
12354328 5251 184 0.974 0.066 0.073  0.809 0.003 39764.70 14.685 5.1E-02 55417.85 0.12 1.5E+35 - 
12354328 5251 184 0.974 0.066 0.073  0.809 0.003 39764.70 14.685 5.1E-02 55424.98 0.06 7.9E+34 - 
12354328 5251 184 0.974 0.066 0.073  0.809 0.003 39764.70 14.685 5.1E-02 55450.38 0.08 1.2E+35 - 
12354328 5251 184 0.974 0.066 0.073  0.809 0.003 39764.70 14.685 5.1E-02 55506.78 0.25 3.8E+35 - 
12354328 5251 184 0.974 0.066 0.073  0.809 0.003 39764.70 14.685 5.1E-02 55548.16 0.10 3.6E+35 - 
12354328 5251 184 0.974 0.066 0.073  0.809 0.003 39764.70 14.685 5.1E-02 55577.70 0.15 1.7E+34 - 
12354328 5251 184 0.974 0.066 0.073  0.809 0.003 39764.70 14.685 5.1E-02 55607.00 0.10 1.8E+34 - 
12354328 5251 184 0.974 0.066 0.073  0.809 0.003 39764.70 14.685 5.1E-02 55615.81 0.21 3.7E+34 - 
12354328 5251 184 0.974 0.066 0.073  0.809 0.003 39764.70 14.685 5.1E-02 55632.55 0.21 1.0E+34 - 
12354328 5251 184 0.974 0.066 0.073  0.809 0.003 39764.70 14.685 5.1E-02 55655.37 0.21 1.1E+35 - 
12354328 5251 184 0.974 0.066 0.073  0.809 0.003 39764.70 14.685 5.1E-02 55661.11 0.08 3.7E+34 - 
12354328 5251 184 0.974 0.066 0.073  0.809 0.003 39764.70 14.685 5.1E-02 55753.11 0.25 1.1E+35 - 
12354328 5251 184 0.974 0.066 0.073  0.809 0.003 39764.70 14.685 5.1E-02 55890.01 0.06 1.8E+34 - 
12354328 5251 184 0.974 0.066 0.073  0.809 0.003 39764.70 14.685 5.1E-02 55961.75 0.19 4.2E+34 - 
12354328 5251 184 0.974 0.066 0.073  0.809 0.003 39764.70 14.685 5.1E-02 55981.37 0.08 7.4E+34 - 
12354328 5251 184 0.974 0.066 0.073  0.809 0.003 39764.70 14.685 5.1E-02 55992.07 0.19 4.4E+34 - 
12354328 5251 184 0.974 0.066 0.073  0.809 0.003 39764.70 14.685 5.1E-02 56057.32 0.08 7.1E+33 - 
12354328 5251 184 0.974 0.066 0.073  0.809 0.003 39764.70 14.685 5.1E-02 56063.21 0.21 1.5E+34 - 
12354328 5251 184 0.974 0.066 0.073  0.809 0.003 39764.70 14.685 5.1E-02 56099.44 0.23 1.5E+34 - 
12354328 5251 184 0.974 0.066 0.073  0.809 0.003 39764.70 14.685 5.1E-02 56110.25 0.08 1.0E+35 - 
12354328 5251 184 0.974 0.066 0.073  0.809 0.003 39764.70 14.685 5.1E-02 56119.26 0.21 2.1E+35 - 
12354328 5251 184 0.974 0.066 0.073  0.809 0.003 39764.70 14.685 5.1E-02 56155.77 0.10 1.4E+35 - 
12354328 5251 184 0.974 0.066 0.073  0.809 0.003 39764.70 14.685 5.1E-02 56172.06 0.23 1.7E+35 - 
12354328 5251 184 0.974 0.066 0.073  0.809 0.003 39764.70 14.685 5.1E-02 56191.82 0.10 1.5E+35 - 
12354328 5251 184 0.974 0.066 0.073  0.809 0.003 39764.70 14.685 5.1E-02 56195.25 0.25 1.6E+35 - 
12354328 5251 184 0.974 0.066 0.073  0.809 0.003 39764.70 14.685 5.1E-02 56224.55 0.23 1.2E+35 - 
12354328 5251 184 0.974 0.066 0.073  0.809 0.003 39764.70 14.685 5.1E-02 56255.42 0.23 1.2E+35 - 
12354328 5251 184 0.974 0.066 0.073  0.809 0.003 39764.70 14.685 5.1E-02 56258.65 0.25 1.0E+35 - 
12354328 5251 184 0.974 0.066 0.073  0.809 0.003 39764.70 14.685 5.1E-02 56286.46 0.23 2.3E+35 - 
12354328 5251 184 0.974 0.066 0.073  0.809 0.003 39764.70 14.685 5.1E-02 56303.26 0.12 1.1E+35 - 
12354328 5251 184 0.974 0.066 0.073  0.809 0.003 39764.70 14.685 5.1E-02 56308.73 0.12 3.1E+35 - 
12354328 5251 184 0.974 0.066 0.073  0.809 0.003 39764.70 14.685 5.1E-02 56323.55 0.15 1.3E+35 - 
12354328 5251 184 0.974 0.066 0.073  0.809 0.003 39764.70 14.685 5.1E-02 56328.68 0.10 4.8E+34 - 
12354328 5251 184 0.974 0.066 0.073  0.809 0.003 39764.70 14.685 5.1E-02 56393.29 0.15 6.5E+34 - 
12354328 5251 184 0.974 0.066 0.073  0.809 0.003 39764.70 14.685 5.1E-02 56404.55 0.06 5.5E+34 - 
12453480 5826 204 1.411 0.101 0.112  4.595 0.041 17180.62 14.685 4.4E-02 55303.65 0.08 5.5E+34 - 
12453480 5826 204 1.411 0.101 0.112  4.595 0.041 17180.62 14.685 4.4E-02 55897.86 0.08 4.3E+34 - 
12456337 5968 209 0.845 0.059 0.065 16.963 0.798  3830.13 14.719 3.4E-03 55922.09 0.06 1.2E+34 - 
12735599 5211 182 1.146 0.083 0.091  4.957 0.003  4586.10 14.911 8.2E-03 55042.08 0.08 2.8E+34 - 
12735599 5211 182 1.146 0.083 0.091  4.957 0.003  4586.10 14.911 8.2E-03 55128.06 0.08 1.8E+34 - 
12735599 5211 182 1.146 0.083 0.091  4.957 0.003  4586.10 14.911 8.2E-03 55307.53 0.08 1.9E+34 - 
12735599 5211 182 1.146 0.083 0.091  4.957 0.003  4586.10 14.911 8.2E-03 55503.94 0.15 7.7E+34 - 
